MatchID,Date,HomeTeam,AwayTeam,FTHG,FTAG,FTR,AT_match_played,AT_goal_against,HT_goal_against,HT_goal_differnece,AT_current_standing,HT_match_played,AT_goal_differnece,AT_goal_for,HT_current_standing,HT_goal_for
0,14/08/93,Arsenal,Coventry,0,3,A,0,0,0,0,0,0,0,0,0,0
1,14/08/93,Aston Villa,QPR,4,1,H,0,0,0,0,0,0,0,0,0,0
2,14/08/93,Chelsea,Blackburn,1,2,A,0,0,0,0,0,0,0,0,0,0
3,14/08/93,Liverpool,Sheffield Weds,2,0,H,0,0,0,0,0,0,0,0,0,0
4,14/08/93,Man City,Leeds,1,1,D,0,0,0,0,0,0,0,0,0,0
5,14/08/93,Newcastle,Tottenham,0,1,A,0,0,0,0,0,0,0,0,0,0
6,14/08/93,Oldham,Ipswich,0,3,A,0,0,0,0,0,0,0,0,0,0
7,14/08/93,Sheffield United,Swindon,3,1,H,0,0,0,0,0,0,0,0,0,0
8,14/08/93,Southampton,Everton,0,2,A,0,0,0,0,0,0,0,0,0,0
9,14/08/93,West Ham,Wimbledon,0,2,A,0,0,0,0,0,0,0,0,0,0
10,15/08/93,Norwich,Man United,0,2,A,0,0,0,0,0,0,0,0,0,0
11,16/08/93,Tottenham,Arsenal,0,1,A,1,3,0,1,0,1,-3,0,3,1
12,17/08/93,Everton,Man City,1,0,H,1,1,0,2,1,1,0,1,3,2
13,17/08/93,Ipswich,Southampton,1,0,H,1,2,0,3,0,1,-2,0,3,3
14,17/08/93,Leeds,West Ham,1,0,H,1,2,1,0,0,1,-2,0,1,1
15,17/08/93,Wimbledon,Chelsea,1,1,D,1,2,0,2,0,1,-1,1,3,2
16,18/08/93,Blackburn,Norwich,2,3,A,1,2,1,1,0,1,-2,0,3,2
17,18/08/93,Coventry,Newcastle,2,1,H,1,1,0,3,0,1,-1,0,3,3
18,18/08/93,Man United,Sheffield United,3,0,H,1,1,0,2,3,1,2,3,3,2
19,18/08/93,QPR,Liverpool,1,3,A,1,0,4,-3,3,1,2,2,0,1
20,18/08/93,Sheffield Weds,Aston Villa,0,0,D,1,1,2,-2,3,1,3,4,0,0
21,18/08/93,Swindon,Oldham,0,1,A,1,3,3,-2,0,1,-3,0,0,1
22,21/08/93,Blackburn,Oldham,1,0,H,2,3,4,0,3,2,-2,1,3,4
23,21/08/93,Coventry,West Ham,1,1,D,2,3,1,4,0,2,-3,0,6,5
24,21/08/93,Everton,Sheffield United,4,2,H,2,4,0,3,3,2,-1,3,6,3
25,21/08/93,Ipswich,Chelsea,1,0,H,2,3,0,4,1,2,-1,2,6,4
26,21/08/93,Leeds,Norwich,0,4,A,2,4,1,1,3,2,-1,3,4,2
27,21/08/93,Man United,Newcastle,1,1,D,2,3,0,5,0,2,-2,1,6,5
28,21/08/93,QPR,Southampton,2,1,H,2,3,7,-5,0,2,-3,0,0,2
29,21/08/93,Sheffield Weds,Arsenal,0,1,A,2,3,2,-2,3,2,-2,1,1,0
30,21/08/93,Tottenham,Man City,1,0,H,2,2,1,0,1,2,-1,1,3,1
31,21/08/93,Wimbledon,Aston Villa,2,2,D,2,1,1,2,4,2,3,4,4,3
32,22/08/93,Swindon,Liverpool,0,5,A,2,1,4,-3,6,2,4,5,0,1
33,23/08/93,Aston Villa,Man United,1,2,A,3,1,3,3,7,3,5,6,5,6
34,24/08/93,Arsenal,Leeds,2,1,H,3,5,3,-1,4,3,-3,2,6,2
35,24/08/93,Man City,Blackburn,0,2,A,3,4,3,-2,6,3,1,5,1,1
36,24/08/93,Oldham,Coventry,3,3,D,3,2,4,-3,7,3,4,6,3,1
37,24/08/93,Sheffield United,Wimbledon,2,1,H,3,3,8,-3,5,3,2,5,3,5
38,25/08/93,Chelsea,QPR,2,0,H,3,8,4,-2,3,3,-4,4,1,2
39,25/08/93,Liverpool,Tottenham,1,2,A,3,1,1,9,6,3,1,2,9,10
40,25/08/93,Newcastle,Everton,1,0,H,3,2,4,-2,9,3,5,7,1,2
41,25/08/93,Norwich,Ipswich,1,0,H,3,0,4,3,9,3,5,5,6,7
42,25/08/93,Southampton,Swindon,5,1,H,3,9,5,-4,0,3,-8,1,0,1
43,25/08/93,West Ham,Sheffield Weds,2,0,H,3,3,4,-3,1,3,-3,0,1,1
44,27/08/93,Man City,Coventry,1,1,D,4,5,5,-4,8,4,4,9,1,1
45,28/08/93,Arsenal,Everton,2,0,H,4,3,4,0,9,4,4,7,9,4
46,28/08/93,Aston Villa,Tottenham,1,0,H,4,2,5,2,9,4,2,4,5,7
47,28/08/93,Chelsea,Sheffield Weds,1,1,D,4,5,4,0,1,4,-5,0,4,4
48,28/08/93,Liverpool,Leeds,2,0,H,4,7,3,8,4,4,-4,3,9,11
49,28/08/93,Norwich,Swindon,0,0,D,4,14,4,4,0,4,-12,2,9,8
50,28/08/93,Oldham,Wimbledon,1,1,D,4,5,7,-3,5,4,1,6,4,4
51,28/08/93,Sheffield United,Ipswich,1,1,D,4,1,9,-2,9,4,4,5,6,7
52,28/08/93,Southampton,Man United,1,3,A,4,2,6,0,10,4,6,8,3,6
53,28/08/93,West Ham,QPR,0,4,A,4,10,4,-1,3,4,-6,4,4,3
54,29/08/93,Newcastle,Blackburn,1,1,D,4,4,4,-1,9,4,3,7,4,3
55,30/08/93,Leeds,Oldham,1,0,H,5,8,9,-6,5,5,-3,5,4,3
56,31/08/93,Everton,Aston Villa,0,1,A,5,5,5,2,8,5,3,8,9,7
57,31/08/93,Ipswich,Newcastle,1,1,D,5,5,2,4,5,5,-1,4,10,6
58,31/08/93,Wimbledon,Southampton,1,0,H,5,9,6,1,3,5,-2,7,6,7
59,01/09/93,Blackburn,Arsenal,1,1,D,5,4,5,3,12,5,2,6,10,8
60,01/09/93,Coventry,Liverpool,1,0,H,5,3,6,4,12,5,10,13,9,10
61,01/09/93,Man United,West Ham,3,0,H,5,8,3,8,4,5,-5,3,13,11
62,01/09/93,QPR,Sheffield United,2,1,H,5,10,10,-2,7,5,-2,8,6,8
63,01/09/93,Sheffield Weds,Norwich,3,3,D,5,4,6,-5,10,5,4,8,2,1
64,01/09/93,Swindon,Man City,1,3,A,5,6,14,-12,2,5,-4,2,1,2
65,01/09/93,Tottenham,Chelsea,1,1,D,5,5,3,1,5,5,0,5,9,4
66,11/09/93,Arsenal,Ipswich,4,0,H,6,3,5,2,11,6,4,7,13,7
67,11/09/93,Aston Villa,Coventry,0,0,D,6,6,5,4,12,6,5,11,11,9
68,11/09/93,Chelsea,Man United,1,0,H,6,3,6,0,16,6,11,14,6,6
69,11/09/93,Man City,QPR,3,0,H,6,11,7,-2,9,6,-1,10,5,5
70,11/09/93,Norwich,Wimbledon,0,1,A,6,6,7,4,9,6,2,8,11,11
71,11/09/93,Oldham,Everton,0,1,A,6,6,9,-4,9,6,1,7,5,5
72,11/09/93,Sheffield United,Tottenham,2,2,D,6,4,12,-3,10,6,1,5,7,9
73,11/09/93,Southampton,Leeds,0,2,A,6,9,10,-3,7,6,-5,4,3,7
74,11/09/93,West Ham,Swindon,0,0,D,6,17,11,-8,1,6,-14,3,4,3
75,12/09/93,Liverpool,Blackburn,0,1,A,6,6,4,9,11,6,3,9,12,13
76,13/09/93,Newcastle,Sheffield Weds,4,2,H,6,9,6,-1,3,6,-5,4,6,5
77,18/09/93,Blackburn,West Ham,0,2,A,7,11,6,4,5,7,-8,3,14,10
78,18/09/93,Coventry,Chelsea,1,1,D,7,6,6,5,9,7,1,7,13,11
79,18/09/93,Everton,Liverpool,2,0,H,7,5,6,2,12,7,8,13,12,8
80,18/09/93,Ipswich,Aston Villa,1,2,A,7,5,7,0,12,7,4,9,11,7
81,18/09/93,Leeds,Sheffield United,2,1,H,7,14,9,-3,8,7,-3,11,10,6
82,18/09/93,QPR,Norwich,2,2,D,7,8,14,-4,11,7,3,11,9,10
83,18/09/93,Sheffield Weds,Southampton,2,0,H,7,12,13,-7,3,7,-5,7,3,6
84,18/09/93,Swindon,Newcastle,2,2,D,7,8,17,-14,9,7,1,9,2,3
85,18/09/93,Tottenham,Oldham,5,0,H,7,10,6,1,5,7,-5,5,11,7
86,19/09/93,Man United,Arsenal,1,0,H,7,5,4,10,16,7,6,11,16,14
87,20/09/93,Wimbledon,Man City,1,0,H,7,7,6,3,8,7,1,8,12,9
88,25/09/93,Arsenal,Southampton,1,0,H,8,14,6,5,3,8,-7,7,16,11
89,25/09/93,Blackburn,Sheffield Weds,1,1,D,8,13,8,2,6,8,-5,8,14,10
90,25/09/93,Chelsea,Liverpool,1,0,H,8,7,7,1,12,8,6,13,10,8
91,25/09/93,Coventry,Leeds,0,2,A,8,10,7,5,13,8,-2,8,14,12
92,25/09/93,Everton,Norwich,1,5,A,8,10,6,4,12,8,3,13,15,10
93,25/09/93,Man United,Swindon,4,2,H,8,19,4,11,3,8,-14,5,19,15
94,25/09/93,Newcastle,West Ham,2,0,H,8,11,10,1,8,8,-6,5,10,11
95,25/09/93,Oldham,Aston Villa,1,1,D,8,6,15,-10,15,8,5,11,5,5
96,25/09/93,Sheffield United,Man City,0,1,A,8,8,16,-4,8,8,0,8,8,12
97,26/09/93,Ipswich,Tottenham,2,2,D,8,6,9,-1,14,8,6,12,11,8
98,27/09/93,Wimbledon,QPR,1,1,D,8,16,6,4,10,8,-4,12,15,10
99,02/10/93,Aston Villa,Newcastle,0,2,A,9,10,7,5,13,9,3,13,16,12
100,02/10/93,Leeds,Wimbledon,4,0,H,9,7,10,0,16,9,4,11,16,10
101,02/10/93,Liverpool,Arsenal,0,0,D,9,6,8,5,19,9,6,12,12,13
102,02/10/93,Norwich,Coventry,1,0,H,9,9,11,7,14,9,3,12,15,18
103,02/10/93,QPR,Ipswich,3,0,H,9,11,17,-4,12,9,-1,10,11,13
104,02/10/93,Sheffield Weds,Man United,2,3,A,9,6,14,-5,22,9,13,19,7,9
105,02/10/93,Southampton,Sheffield United,3,3,D,9,17,15,-8,8,9,-5,12,3,7
106,02/10/93,Swindon,Blackburn,1,3,A,9,9,23,-16,15,9,2,11,3,7
107,02/10/93,West Ham,Chelsea,1,0,H,9,7,13,-8,13,9,2,9,8,5
108,03/10/93,Tottenham,Everton,3,2,H,9,11,8,6,15,9,0,11,15,14
109,04/10/93,Man City,Oldham,1,1,D,9,16,8,1,6,9,-10,6,11,9
110,16/10/93,Arsenal,Man City,0,0,D,10,9,6,6,12,10,1,10,20,12
111,16/10/93,Chelsea,Norwich,1,2,A,10,11,8,1,18,10,8,19,13,9
112,16/10/93,Coventry,Southampton,1,1,D,10,18,10,2,4,10,-8,10,14,12
113,16/10/93,Liverpool,Oldham,2,1,H,10,17,8,5,7,10,-10,7,13,13
114,16/10/93,Man United,Tottenham,2,1,H,10,10,8,14,18,10,7,17,25,22
115,16/10/93,Newcastle,QPR,1,2,A,10,17,10,5,14,10,-1,16,16,15
116,16/10/93,Sheffield Weds,Wimbledon,2,2,D,10,11,17,-6,16,10,0,11,7,11
117,16/10/93,Swindon,Everton,1,1,D,10,14,26,-18,15,10,-1,13,3,8
118,16/10/93,West Ham,Aston Villa,0,0,D,10,9,13,-7,16,10,3,12,11,6
119,17/10/93,Ipswich,Leeds,0,0,D,10,10,14,-4,19,10,4,14,12,10
120,18/10/93,Blackburn,Sheffield United,0,0,D,10,20,10,4,9,10,-5,15,18,14
121,23/10/93,Aston Villa,Chelsea,1,0,H,11,10,9,3,13,11,0,10,17,12
122,23/10/93,Everton,Man United,0,1,A,11,9,15,-1,28,11,15,24,16,14
123,23/10/93,Leeds,Blackburn,3,3,D,11,10,10,4,19,11,4,14,20,14
124,23/10/93,Man City,Liverpool,1,1,D,11,9,9,1,16,11,6,15,13,10
125,23/10/93,Norwich,West Ham,0,0,D,11,13,12,9,12,11,-7,6,21,21
126,23/10/93,Oldham,Arsenal,0,0,D,11,6,19,-11,21,11,6,12,7,8
127,23/10/93,QPR,Coventry,5,1,H,11,11,18,0,15,11,2,13,17,18
128,23/10/93,Sheffield United,Sheffield Weds,1,1,D,11,19,20,-5,8,11,-6,13,10,15
129,23/10/93,Tottenham,Swindon,1,1,D,11,27,12,6,4,11,-18,9,18,18
130,24/10/93,Southampton,Newcastle,2,1,H,11,12,19,-8,16,11,4,16,5,11
131,25/10/93,Wimbledon,Ipswich,0,2,A,11,14,13,0,13,11,-4,10,17,13
132,30/10/93,Arsenal,Norwich,0,0,D,12,12,6,6,22,12,9,21,22,12
133,30/10/93,Blackburn,Tottenham,1,0,H,12,13,13,4,19,12,6,19,20,17
134,30/10/93,Chelsea,Oldham,0,1,A,12,19,11,-1,8,12,-11,8,13,10
135,30/10/93,Ipswich,Everton,0,2,A,12,16,14,-2,16,12,-2,14,16,12
136,30/10/93,Liverpool,Southampton,4,2,H,12,20,10,6,8,12,-7,13,17,16
137,30/10/93,Man United,QPR,2,1,H,12,19,9,16,20,12,4,23,31,25
138,30/10/93,Newcastle,Wimbledon,4,0,H,12,15,14,3,17,12,-2,13,16,17
139,30/10/93,Sheffield Weds,Leeds,3,3,D,12,13,20,-6,21,12,4,17,9,14
140,30/10/93,Swindon,Aston Villa,1,2,A,12,9,28,-18,20,12,4,13,5,10
141,31/10/93,Coventry,Sheffield United,0,0,D,12,21,16,-2,11,12,-5,16,15,14
142,01/11/93,West Ham,Man City,3,1,H,12,10,13,-7,14,12,1,11,13,6
143,06/11/93,Arsenal,Aston Villa,1,2,A,13,10,6,6,23,13,5,15,23,12
144,06/11/93,Coventry,Everton,2,1,H,13,16,16,-2,19,13,0,16,16,14
145,06/11/93,Ipswich,Sheffield Weds,1,4,A,13,23,16,-4,10,13,-6,17,16,12
146,06/11/93,Leeds,Chelsea,4,1,H,13,12,16,4,13,13,-2,10,22,20
147,06/11/93,Liverpool,West Ham,2,0,H,13,14,12,8,16,13,-5,9,20,20
148,06/11/93,QPR,Blackburn,1,0,H,13,13,21,3,23,13,5,18,20,24
149,06/11/93,Sheffield United,Norwich,1,2,A,13,12,21,-5,23,13,9,21,12,16
150,06/11/93,Southampton,Tottenham,1,0,H,13,14,24,-9,19,13,5,19,8,15
151,06/11/93,Wimbledon,Swindon,3,0,H,13,30,19,-6,5,13,-19,11,17,13
152,07/11/93,Man City,Man United,2,3,A,13,10,13,-1,34,13,17,27,14,12
153,08/11/93,Oldham,Newcastle,1,3,A,13,14,19,-10,19,13,7,21,11,9
154,20/11/93,Aston Villa,Sheffield United,1,0,H,14,23,11,6,12,14,-6,17,26,17
155,20/11/93,Blackburn,Southampton,2,0,H,14,24,14,4,11,14,-8,16,23,18
156,20/11/93,Chelsea,Arsenal,0,2,A,14,8,16,-5,23,14,5,13,13,11
157,20/11/93,Everton,QPR,0,3,A,14,21,18,-1,23,14,4,25,19,17
158,20/11/93,Man United,Wimbledon,3,1,H,14,19,12,18,20,14,-3,16,37,30
159,20/11/93,Norwich,Man City,1,1,D,14,16,13,10,14,14,-2,14,26,23
160,20/11/93,Sheffield Weds,Coventry,0,0,D,14,17,24,-3,19,14,-1,16,13,21
161,20/11/93,Swindon,Ipswich,2,2,D,14,20,33,-22,16,14,-7,13,5,11
162,20/11/93,Tottenham,Leeds,1,1,D,14,17,15,4,25,14,7,24,19,19
163,20/11/93,West Ham,Oldham,2,0,H,14,22,16,-7,11,14,-12,10,16,9
164,21/11/93,Newcastle,Liverpool,3,0,H,14,12,15,9,23,14,10,22,22,24
165,22/11/93,Chelsea,Man City,0,0,D,15,17,18,-7,15,15,-2,15,13,11
166,23/11/93,Blackburn,Coventry,2,1,H,15,17,14,6,20,15,-1,16,26,20
167,23/11/93,Everton,Leeds,1,1,D,15,18,21,-4,26,15,7,25,19,17
168,24/11/93,Aston Villa,Southampton,0,2,A,15,26,11,7,11,15,-10,16,29,18
169,24/11/93,Man United,Ipswich,0,0,D,15,22,13,20,17,15,-7,15,40,33
170,24/11/93,Newcastle,Sheffield United,4,0,H,15,24,15,12,12,15,-7,17,25,27
171,24/11/93,Sheffield Weds,Oldham,3,0,H,15,24,24,-3,11,15,-14,10,14,21
172,24/11/93,Swindon,QPR,1,0,H,15,21,35,-22,26,15,7,28,6,13
173,24/11/93,Tottenham,Wimbledon,1,1,D,15,22,16,4,20,15,-5,17,20,20
174,24/11/93,West Ham,Arsenal,0,0,D,15,8,16,-5,26,15,7,15,19,11
175,27/11/93,Arsenal,Newcastle,2,1,H,16,15,8,7,28,16,16,31,27,15
176,27/11/93,Coventry,Man United,0,1,A,16,13,19,-2,41,16,20,33,20,17
177,27/11/93,Ipswich,Blackburn,1,0,H,16,15,22,-7,29,16,7,22,18,15
178,27/11/93,Leeds,Swindon,3,0,H,16,35,19,7,9,16,-21,14,27,26
179,27/11/93,Man City,Sheffield Weds,1,3,A,16,24,17,-2,17,16,0,24,16,15
180,27/11/93,Oldham,Norwich,2,1,H,15,14,27,-17,27,16,10,24,11,10
181,27/11/93,QPR,Tottenham,1,1,D,16,17,22,6,21,16,4,21,26,28
182,27/11/93,Sheffield United,Chelsea,1,0,H,16,18,28,-11,14,16,-7,11,12,17
183,27/11/93,Wimbledon,Everton,1,1,D,16,22,23,-5,20,16,-4,18,21,18
184,28/11/93,Liverpool,Aston Villa,2,1,H,16,13,15,7,29,15,5,18,23,22
185,29/11/93,Southampton,West Ham,0,2,A,16,16,26,-8,20,16,-5,11,14,18
186,04/12/93,Coventry,Arsenal,1,0,H,17,9,20,-3,30,17,8,17,20,17
187,04/12/93,Everton,Southampton,1,0,H,17,28,23,-4,14,17,-10,18,21,19
188,04/12/93,Ipswich,Oldham,0,0,D,17,28,22,-6,14,17,-16,12,21,16
189,04/12/93,Leeds,Man City,3,2,H,17,20,19,10,16,17,-4,16,30,29
190,04/12/93,Man United,Norwich,2,2,D,16,16,13,21,27,17,9,25,44,34
191,04/12/93,QPR,Aston Villa,2,2,D,17,15,23,6,29,17,4,19,27,29
192,04/12/93,Sheffield Weds,Liverpool,3,1,H,16,16,25,2,26,17,8,24,20,27
193,04/12/93,Swindon,Sheffield United,0,0,D,17,28,38,-24,15,17,-10,18,9,14
194,04/12/93,Tottenham,Newcastle,1,2,A,17,17,18,4,28,17,15,32,22,22
195,04/12/93,Wimbledon,West Ham,1,2,A,17,16,24,-5,23,17,-3,13,22,19
196,05/12/93,Blackburn,Chelsea,2,0,H,17,19,16,6,14,17,-8,11,29,22
197,06/12/93,Arsenal,Tottenham,1,1,D,18,20,10,7,22,18,3,23,30,17
198,07/12/93,Oldham,Swindon,2,1,H,18,38,28,-16,10,18,-24,14,15,12
199,07/12/93,Sheffield United,Man United,0,3,A,18,15,28,-10,45,18,21,36,16,18
200,08/12/93,Aston Villa,Sheffield Weds,2,2,D,18,26,17,4,23,18,4,30,30,21
201,08/12/93,Liverpool,QPR,3,2,H,18,25,19,6,28,17,6,31,26,25
202,08/12/93,Man City,Everton,1,0,H,18,23,23,-5,24,18,-3,20,16,18
203,08/12/93,Southampton,Ipswich,0,1,A,18,22,29,-11,22,18,-6,16,14,18
204,08/12/93,West Ham,Leeds,0,1,A,18,21,17,-2,33,18,11,32,26,15
205,11/12/93,Aston Villa,Wimbledon,0,1,A,18,26,19,4,22,19,-6,20,31,23
206,11/12/93,Chelsea,Ipswich,1,1,D,19,22,21,-10,25,18,-5,17,14,11
207,11/12/93,Liverpool,Swindon,2,2,D,19,40,21,7,10,18,-25,15,29,28
208,11/12/93,Man City,Tottenham,0,2,A,19,21,23,-4,23,19,3,24,19,19
209,11/12/93,Newcastle,Man United,1,1,D,19,15,18,16,48,18,24,39,31,34
210,11/12/93,Oldham,Blackburn,1,2,A,18,16,29,-15,32,19,8,24,18,14
211,11/12/93,Sheffield United,Everton,0,0,D,19,24,31,-13,24,19,-4,20,16,18
212,11/12/93,Southampton,QPR,0,1,A,19,28,30,-12,28,19,5,33,14,18
213,11/12/93,West Ham,Coventry,3,2,H,18,20,18,-3,23,19,-2,18,26,15
214,12/12/93,Arsenal,Sheffield Weds,1,0,H,19,28,11,7,24,19,4,32,31,18
215,13/12/93,Norwich,Leeds,2,1,H,19,21,18,9,36,17,12,33,28,27
216,18/12/93,Blackburn,Man City,2,0,H,20,25,17,9,19,19,-6,19,35,26
217,18/12/93,Coventry,Oldham,1,1,D,20,31,23,-3,18,19,-16,15,23,20
218,18/12/93,Everton,Newcastle,0,2,A,19,19,24,-4,32,20,16,35,25,20
219,18/12/93,Ipswich,Norwich,2,1,H,18,19,23,-5,31,20,10,29,26,18
220,18/12/93,Leeds,Arsenal,2,1,H,20,11,23,11,34,20,8,19,36,34
221,18/12/93,Sheffield Weds,West Ham,5,0,H,20,20,29,3,29,20,-2,18,24,32
222,18/12/93,Swindon,Southampton,2,1,H,20,31,42,-25,14,20,-13,18,11,17
223,18/12/93,Tottenham,Liverpool,3,3,D,19,23,21,5,30,20,7,30,26,26
224,18/12/93,Wimbledon,Sheffield United,2,0,H,20,31,26,-5,17,19,-13,18,25,21
225,19/12/93,Man United,Aston Villa,3,1,H,20,20,16,24,31,20,3,23,49,40
226,22/12/93,Newcastle,Leeds,1,1,D,21,24,19,18,39,20,12,36,35,37
227,26/12/93,Man United,Blackburn,1,1,D,20,17,17,26,38,21,11,28,52,43
228,26/12/93,Sheffield United,Liverpool,0,0,D,20,26,33,-15,31,21,7,33,17,18
229,26/12/93,Wimbledon,Coventry,1,2,A,20,24,26,-3,24,20,-3,21,28,23
230,27/12/93,Everton,Sheffield Weds,0,2,A,21,29,26,-6,27,21,8,37,25,20
231,27/12/93,Ipswich,West Ham,1,1,D,21,25,24,-4,29,21,-7,18,29,20
232,27/12/93,QPR,Oldham,2,0,H,21,32,28,6,19,20,-16,16,31,34
233,27/12/93,Southampton,Chelsea,3,1,H,19,22,33,-14,15,21,-10,12,14,19
234,27/12/93,Swindon,Arsenal,0,4,A,21,13,43,-24,34,21,7,20,14,19
235,27/12/93,Tottenham,Norwich,1,3,A,19,21,24,5,31,21,9,30,27,29
236,28/12/93,Chelsea,Newcastle,1,0,H,21,20,25,-12,36,20,18,38,15,13
237,28/12/93,Liverpool,Wimbledon,1,1,D,21,28,26,7,28,21,-4,24,32,33
238,28/12/93,Man City,Southampton,1,1,D,22,34,27,-8,17,21,-12,22,19,19
239,28/12/93,West Ham,Tottenham,1,3,A,22,27,26,-7,27,22,3,30,30,19
240,29/12/93,Arsenal,Sheffield United,3,0,H,22,33,13,11,18,22,-15,18,37,24
241,29/12/93,Blackburn,Everton,2,0,H,22,28,18,11,25,21,-8,20,39,29
242,29/12/93,Leeds,QPR,1,1,D,21,28,25,12,34,22,8,36,40,37
243,29/12/93,Norwich,Aston Villa,1,2,A,21,23,22,11,31,20,1,24,34,33
244,29/12/93,Oldham,Man United,2,5,A,22,18,34,-18,53,22,26,44,19,16
245,29/12/93,Sheffield Weds,Swindon,3,3,D,22,47,29,10,14,22,-28,19,30,39
246,01/01/94,Aston Villa,Blackburn,0,1,A,22,18,24,2,42,22,13,31,34,26
247,01/01/94,Everton,West Ham,0,1,A,23,29,30,-10,30,23,-9,20,25,20
248,01/01/94,Ipswich,Liverpool,1,2,A,22,27,25,-4,33,22,7,34,30,21
249,01/01/94,Man United,Leeds,0,0,D,23,26,20,29,41,23,12,38,56,49
250,01/01/94,Newcastle,Man City,2,0,H,22,28,21,17,20,22,-8,20,36,38
251,01/01/94,QPR,Sheffield Weds,1,2,A,23,32,29,8,31,22,10,42,35,37
252,01/01/94,Sheffield United,Oldham,2,1,H,23,39,36,-18,19,23,-21,18,18,18
253,01/01/94,Southampton,Norwich,0,1,A,21,24,35,-12,34,23,10,34,18,23
254,01/01/94,Swindon,Chelsea,1,3,A,21,25,50,-28,18,23,-11,14,15,22
255,01/01/94,Tottenham,Coventry,1,2,A,21,25,28,5,27,23,-2,23,30,33
256,01/01/94,Wimbledon,Arsenal,0,3,A,23,13,29,-4,40,22,14,27,29,25
257,03/01/94,Arsenal,QPR,0,0,D,23,31,13,17,35,24,7,38,43,30
258,03/01/94,Chelsea,Everton,4,2,H,24,31,26,-9,25,22,-11,20,21,17
259,03/01/94,Coventry,Swindon,1,1,D,24,53,26,-1,15,22,-30,23,30,25
260,03/01/94,Sheffield Weds,Tottenham,1,0,H,24,30,33,11,30,24,4,34,34,44
261,03/01/94,West Ham,Sheffield United,0,0,D,24,37,29,-8,21,24,-17,20,33,21
262,04/01/94,Liverpool,Man United,3,3,D,24,20,28,8,57,23,29,49,36,36
263,04/01/94,Norwich,Newcastle,1,2,A,23,21,24,11,39,22,19,40,37,35
264,15/01/94,Aston Villa,West Ham,3,1,H,25,29,25,1,34,23,-8,21,34,26
265,15/01/94,Everton,Swindon,6,2,H,25,54,35,-13,16,25,-30,24,25,22
266,15/01/94,Leeds,Ipswich,0,0,D,23,27,26,12,30,24,-5,22,42,38
267,15/01/94,Man City,Arsenal,0,0,D,25,13,30,-10,44,23,17,30,20,20
268,15/01/94,Norwich,Chelsea,1,1,D,23,28,26,10,24,23,-7,21,37,36
269,15/01/94,Oldham,Liverpool,0,3,A,24,31,41,-22,37,24,8,39,19,19
270,15/01/94,Sheffield United,Blackburn,1,2,A,23,18,37,-17,45,25,14,32,22,20
271,15/01/94,Southampton,Coventry,1,0,H,23,27,36,-13,31,24,-1,26,18,23
272,15/01/94,Tottenham,Man United,0,1,A,25,23,31,3,58,25,29,52,30,34
273,15/01/94,Wimbledon,Sheffield Weds,2,1,H,25,33,32,-7,37,23,12,45,29,25
274,16/01/94,QPR,Newcastle,1,2,A,24,22,31,7,42,24,20,42,36,38
275,22/01/94,Arsenal,Oldham,1,1,D,25,44,13,17,19,26,-25,19,45,30
276,22/01/94,Chelsea,Aston Villa,1,1,D,24,26,29,-7,37,24,3,29,25,22
277,22/01/94,Coventry,QPR,0,1,A,25,33,28,-2,36,24,6,39,31,26
278,22/01/94,Ipswich,Wimbledon,0,0,D,24,33,27,-5,32,24,-6,27,31,22
279,22/01/94,Liverpool,Man City,2,1,H,24,30,31,11,21,25,-10,20,40,42
280,22/01/94,Man United,Everton,1,0,H,26,37,23,30,28,26,-9,28,61,53
281,22/01/94,Newcastle,Southampton,1,2,A,25,36,23,21,21,25,-12,24,45,44
282,22/01/94,Sheffield Weds,Sheffield United,3,1,H,26,39,35,11,22,26,-18,21,37,46
283,22/01/94,Swindon,Tottenham,2,1,H,26,32,60,-34,30,26,2,34,16,26
284,23/01/94,Blackburn,Leeds,2,1,H,25,26,19,15,43,24,12,38,48,34
285,24/01/94,West Ham,Norwich,3,3,D,24,27,32,-10,38,26,10,37,34,22
286,02/02/94,Coventry,Ipswich,1,0,H,25,27,29,-3,32,25,-5,22,31,26
287,05/02/94,Blackburn,Wimbledon,3,0,H,25,33,20,16,33,25,-6,27,51,36
288,05/02/94,Everton,Chelsea,4,2,H,25,30,38,-10,26,27,-7,23,28,28
289,05/02/94,Man City,Ipswich,2,1,H,26,28,32,-11,32,25,-6,22,21,21
290,05/02/94,Norwich,Liverpool,2,2,D,26,32,30,10,43,25,12,44,39,40
291,05/02/94,Oldham,Southampton,2,1,H,26,37,45,-25,24,26,-11,26,20,20
292,05/02/94,QPR,Man United,2,3,A,27,23,33,7,64,26,31,54,39,40
293,05/02/94,Swindon,Coventry,3,1,H,26,29,61,-33,34,27,-2,27,19,28
294,05/02/94,Tottenham,Sheffield Weds,1,3,A,27,36,34,1,40,27,13,49,30,35
295,06/02/94,Aston Villa,Leeds,1,0,H,26,28,27,3,43,25,11,39,38,30
296,12/02/94,Aston Villa,Swindon,5,0,H,28,62,27,4,22,26,-31,31,41,31
297,12/02/94,Everton,Ipswich,0,0,D,27,30,40,-8,32,28,-7,23,31,32
298,12/02/94,Man City,West Ham,0,0,D,27,35,33,-10,35,26,-10,25,24,23
299,12/02/94,Oldham,Chelsea,2,1,H,26,34,46,-24,26,27,-9,25,23,22
300,12/02/94,Sheffield United,Coventry,0,0,D,27,32,42,-20,34,27,-4,28,22,22
301,12/02/94,Tottenham,Blackburn,0,2,A,26,20,37,-1,54,28,19,39,30,36
302,12/02/94,Wimbledon,Newcastle,4,2,H,26,25,36,-9,45,26,20,45,33,27
303,13/02/94,Norwich,Arsenal,1,1,D,27,14,32,10,46,26,17,31,40,42
304,14/02/94,Southampton,Liverpool,4,2,H,27,34,39,-12,44,27,12,46,24,27
305,19/02/94,Blackburn,Newcastle,1,0,H,27,29,20,21,45,27,18,47,57,41
306,19/02/94,Coventry,Man City,4,0,H,27,33,32,-4,25,28,-10,23,35,28
307,19/02/94,Everton,Arsenal,1,1,D,28,15,40,-8,47,29,17,32,32,32
308,19/02/94,Leeds,Liverpool,2,0,H,28,38,29,10,44,27,10,48,43,39
309,19/02/94,Swindon,Norwich,3,3,D,27,33,67,-36,41,29,10,43,22,31
310,22/02/94,Aston Villa,Man City,0,0,D,28,37,27,9,25,27,-14,23,44,36
311,22/02/94,Norwich,Blackburn,2,2,D,28,20,36,10,60,28,22,42,42,46
312,23/02/94,Newcastle,Coventry,4,0,H,29,32,30,17,38,28,0,32,45,47
313,26/02/94,Arsenal,Blackburn,1,0,H,29,22,16,17,61,29,22,44,48,33
314,26/02/94,Ipswich,Sheffield United,3,2,H,28,42,30,-7,23,28,-20,22,33,23
315,26/02/94,Liverpool,Coventry,1,0,H,30,36,40,8,38,29,-4,32,44,48
316,26/02/94,Man City,Swindon,2,1,H,30,70,37,-14,23,29,-36,34,26,23
317,26/02/94,Norwich,Sheffield Weds,1,1,D,28,37,38,10,43,29,15,52,43,48
318,26/02/94,Southampton,Wimbledon,1,0,H,27,38,41,-10,36,28,-7,31,27,31
319,26/02/94,West Ham,Man United,2,2,D,28,25,35,-10,67,28,32,57,36,25
320,27/02/94,Chelsea,Tottenham,4,3,H,29,39,36,-10,30,27,-3,36,26,26
321,28/02/94,Oldham,Leeds,1,1,D,28,29,47,-23,46,28,12,41,26,24
322,02/03/94,Tottenham,Aston Villa,1,1,D,28,27,43,-4,45,30,9,36,30,39
323,05/03/94,Blackburn,Liverpool,2,0,H,30,40,23,21,47,30,9,49,61,44
324,05/03/94,Everton,Oldham,2,1,H,29,48,41,-8,27,30,-23,25,33,33
325,05/03/94,Ipswich,Arsenal,1,5,A,30,16,32,-6,51,29,18,34,36,26
326,05/03/94,Leeds,Southampton,0,0,D,29,41,30,12,30,29,-9,32,47,42
327,05/03/94,Man United,Chelsea,0,1,A,28,39,27,32,29,29,-9,30,68,59
328,05/03/94,QPR,Man City,1,1,D,30,38,36,6,29,27,-13,25,39,42
329,05/03/94,Sheffield Weds,Newcastle,0,1,A,29,30,38,15,48,29,21,51,44,53
330,05/03/94,Swindon,West Ham,1,1,D,29,37,72,-37,37,31,-10,27,23,35
331,05/03/94,Tottenham,Sheffield United,2,2,D,29,45,44,-4,23,31,-21,24,31,40
332,05/03/94,Wimbledon,Norwich,3,1,H,30,39,39,-8,44,28,10,49,36,31
333,06/03/94,Coventry,Aston Villa,0,1,A,29,28,37,-5,46,31,9,37,38,32
334,12/03/94,Aston Villa,Ipswich,0,1,A,30,37,28,10,36,30,-10,27,49,38
335,12/03/94,Man City,Wimbledon,0,1,A,29,40,39,-13,39,31,-6,34,30,26
336,12/03/94,Newcastle,Swindon,7,1,H,32,73,30,22,24,30,-37,36,51,52
337,12/03/94,Norwich,QPR,3,4,A,28,37,42,8,40,31,6,43,44,50
338,12/03/94,Southampton,Sheffield Weds,1,1,D,30,39,41,-9,44,30,14,53,31,32
339,13/03/94,Liverpool,Everton,2,1,H,31,42,42,7,36,31,-7,35,47,49
340,13/03/94,Sheffield United,Leeds,2,2,D,30,30,47,-21,48,30,12,42,24,26
341,16/03/94,Chelsea,Wimbledon,2,0,H,30,40,39,-8,42,29,-5,35,32,31
342,16/03/94,Leeds,Aston Villa,2,0,H,31,29,32,12,49,31,9,38,49,44
343,16/03/94,Man United,Sheffield Weds,5,0,H,31,40,28,31,45,30,14,54,68,59
344,16/03/94,Sheffield United,QPR,1,1,D,29,40,49,-21,43,31,7,47,25,28
345,19/03/94,Aston Villa,Oldham,1,2,A,30,50,31,7,27,32,-24,26,49,38
346,19/03/94,Leeds,Coventry,1,0,H,32,38,32,14,38,32,-6,32,52,46
347,19/03/94,Liverpool,Chelsea,2,1,H,30,39,43,8,35,32,-6,33,50,51
348,19/03/94,Man City,Sheffield United,0,0,D,32,50,40,-14,26,32,-21,29,30,26
349,19/03/94,QPR,Wimbledon,1,0,H,31,42,41,7,42,30,-7,35,44,48
350,19/03/94,Southampton,Arsenal,0,4,A,31,17,42,-9,54,31,22,39,32,33
351,19/03/94,Swindon,Man United,2,2,D,31,28,80,-43,71,33,36,64,24,37
352,19/03/94,Tottenham,Ipswich,1,1,D,31,37,46,-4,39,32,-9,28,32,42
353,19/03/94,West Ham,Newcastle,2,4,A,31,31,38,-10,54,30,28,59,38,28
354,20/03/94,Sheffield Weds,Blackburn,1,2,A,31,23,45,9,64,32,23,46,45,54
355,21/03/94,Norwich,Everton,3,0,H,32,44,46,7,36,32,-8,36,44,53
356,22/03/94,Arsenal,Man United,2,2,D,32,30,17,26,72,32,36,66,57,43
357,22/03/94,Newcastle,Ipswich,2,0,H,32,38,33,30,40,32,-9,29,57,63
358,26/03/94,Arsenal,Liverpool,1,0,H,33,44,19,26,53,33,9,53,58,45
359,26/03/94,Blackburn,Swindon,3,1,H,34,82,24,24,25,32,-43,39,67,48
360,26/03/94,Chelsea,West Ham,2,0,H,31,42,41,-7,38,31,-12,30,35,34
361,26/03/94,Coventry,Norwich,2,1,H,33,46,39,-7,47,33,10,56,38,32
362,26/03/94,Everton,Tottenham,0,1,A,33,47,47,-11,33,33,-4,43,36,36
363,26/03/94,Ipswich,QPR,1,3,A,31,41,40,-11,47,33,8,49,40,29
364,26/03/94,Oldham,Man City,0,0,D,33,40,51,-23,31,31,-14,26,30,28
365,26/03/94,Sheffield United,Southampton,0,0,D,32,46,50,-21,32,33,-13,33,27,29
366,27/03/94,Wimbledon,Leeds,1,0,H,33,32,43,-8,55,32,15,47,42,35
367,28/03/94,Sheffield United,West Ham,3,2,H,32,44,50,-21,38,34,-14,30,28,29
368,29/03/94,Ipswich,Man City,2,2,D,34,40,43,-13,32,34,-14,26,40,30
369,29/03/94,Newcastle,Norwich,3,0,H,34,48,33,32,47,33,9,57,60,65
370,29/03/94,Wimbledon,Blackburn,4,1,H,33,25,43,-7,70,33,26,51,45,36
371,30/03/94,Aston Villa,Everton,0,0,D,34,48,33,6,36,33,-12,36,49,39
372,30/03/94,Man United,Liverpool,1,0,H,34,45,32,36,53,33,8,53,73,68
373,30/03/94,Sheffield Weds,Chelsea,3,1,H,32,41,47,8,38,33,-5,36,45,55
374,30/03/94,Southampton,Oldham,1,3,A,32,51,46,-13,31,33,-23,28,33,33
375,01/04/94,Leeds,Newcastle,1,1,D,34,33,33,14,63,34,35,68,55,47
376,02/04/94,Arsenal,Swindon,1,1,D,35,85,19,27,25,34,-45,40,61,46
377,02/04/94,Blackburn,Man United,2,0,H,34,32,29,23,76,34,37,69,70,52
378,02/04/94,Chelsea,Southampton,2,0,H,34,49,44,-7,33,33,-15,34,38,37
379,02/04/94,Coventry,Wimbledon,1,2,A,34,44,40,-6,48,34,-4,40,41,34
380,02/04/94,Liverpool,Sheffield United,1,2,A,35,52,46,7,31,35,-20,32,53,53
381,02/04/94,Man City,Aston Villa,3,0,H,34,33,42,-14,50,35,6,39,33,28
382,02/04/94,Norwich,Tottenham,1,2,A,34,47,51,6,36,35,-3,44,47,57
383,02/04/94,Oldham,QPR,4,1,H,32,42,52,-21,50,33,10,52,34,31
384,02/04/94,Sheffield Weds,Everton,5,1,H,35,48,48,10,37,34,-12,36,48,58
385,02/04/94,West Ham,Ipswich,2,1,H,35,45,47,-15,41,33,-13,32,38,32
386,04/04/94,Aston Villa,Norwich,0,0,D,36,53,36,3,47,35,5,58,50,39
387,04/04/94,Everton,Blackburn,0,3,A,35,29,53,-16,73,36,25,54,37,37
388,04/04/94,Ipswich,Coventry,0,2,A,35,42,47,-14,41,36,-7,35,41,33
389,04/04/94,Man United,Oldham,3,2,H,34,53,34,35,37,35,-18,35,76,69
390,04/04/94,Newcastle,Chelsea,0,0,D,34,44,34,35,41,35,-5,39,64,69
391,04/04/94,QPR,Leeds,0,4,A,35,34,46,7,56,33,14,48,50,53
392,04/04/94,Sheffield United,Arsenal,1,1,D,35,20,53,-19,62,36,27,47,34,34
393,04/04/94,Southampton,Man City,0,1,A,36,42,51,-17,36,35,-11,31,33,34
394,04/04/94,Swindon,Sheffield Weds,0,1,A,35,49,86,-45,51,36,14,63,26,41
395,04/04/94,Tottenham,West Ham,1,4,A,34,48,48,-2,41,35,-14,34,39,46
396,04/04/94,Wimbledon,Liverpool,1,1,D,36,48,45,-3,53,35,6,54,51,42
397,09/04/94,Coventry,Tottenham,1,0,H,36,52,42,-5,39,36,-5,47,44,37
398,09/04/94,Liverpool,Ipswich,1,0,H,37,49,49,6,41,37,-16,33,54,55
399,09/04/94,Man City,Newcastle,2,1,H,36,34,42,-10,65,37,35,69,39,32
400,09/04/94,Norwich,Southampton,4,5,A,36,52,53,5,33,37,-18,34,48,58
401,09/04/94,Sheffield Weds,QPR,3,1,H,34,50,49,15,50,36,3,53,54,64
402,09/04/94,West Ham,Everton,0,1,A,37,56,49,-11,37,35,-19,37,44,38
403,11/04/94,Blackburn,Aston Villa,1,0,H,36,36,29,28,51,36,3,39,76,57
404,13/04/94,QPR,Chelsea,1,1,D,35,44,53,1,42,35,-5,39,50,54
405,16/04/94,Arsenal,Chelsea,1,0,H,36,45,21,27,43,36,-5,40,63,48
406,16/04/94,Coventry,Sheffield Weds,1,1,D,37,50,42,-4,57,37,17,67,47,38
407,16/04/94,Ipswich,Swindon,1,1,D,37,87,50,-17,26,38,-46,41,41,33
408,16/04/94,Liverpool,Newcastle,0,2,A,37,36,49,7,65,38,34,70,57,56
409,16/04/94,Man City,Norwich,1,1,D,38,58,43,-9,48,38,4,62,42,34
410,16/04/94,Oldham,West Ham,1,2,A,36,50,56,-19,44,35,-12,38,37,37
411,16/04/94,QPR,Everton,2,1,H,38,56,54,1,40,36,-18,38,51,55
412,16/04/94,Sheffield United,Aston Villa,1,2,A,37,37,54,-19,51,37,2,39,35,35
413,16/04/94,Southampton,Blackburn,3,1,H,37,29,56,-17,79,37,29,58,36,39
414,16/04/94,Wimbledon,Man United,1,0,H,36,36,46,-3,79,36,36,72,52,43
415,17/04/94,Leeds,Tottenham,2,0,H,37,53,34,18,39,36,-6,47,59,52
416,19/04/94,Arsenal,Wimbledon,1,1,D,37,46,21,28,55,37,-2,44,66,49
417,23/04/94,Aston Villa,Arsenal,1,2,A,38,22,38,3,67,38,28,50,54,41
418,23/04/94,Chelsea,Leeds,1,1,D,37,34,46,-6,62,37,20,54,43,40
419,23/04/94,Everton,Coventry,0,0,D,38,43,58,-19,48,39,-4,39,40,39
420,23/04/94,Man United,Man City,2,0,H,39,44,37,35,43,37,-9,35,79,72
421,23/04/94,Newcastle,Oldham,3,2,H,36,58,36,36,37,38,-20,38,68,72
422,23/04/94,Norwich,Sheffield United,0,1,A,38,56,59,4,35,39,-20,36,49,63
423,23/04/94,Sheffield Weds,Ipswich,5,0,H,39,51,51,17,42,38,-17,34,58,68
424,23/04/94,Swindon,Wimbledon,2,4,A,38,47,88,-46,56,38,-2,45,27,42
425,23/04/94,Tottenham,Southampton,3,0,H,38,57,55,-8,39,38,-15,42,39,47
426,23/04/94,West Ham,Liverpool,1,2,A,39,51,51,-11,57,37,5,56,47,40
427,24/04/94,Blackburn,QPR,1,1,D,37,55,32,27,54,38,2,57,79,59
428,26/04/94,Wimbledon,Oldham,3,0,H,37,61,49,0,37,39,-21,40,59,49
429,27/04/94,Chelsea,Swindon,2,0,H,39,92,47,-6,27,38,-48,44,44,41
430,27/04/94,Leeds,Man United,0,2,A,38,37,35,20,82,38,37,74,63,55
431,27/04/94,Newcastle,Aston Villa,5,1,H,39,40,38,37,54,39,2,42,71,75
432,27/04/94,QPR,Arsenal,1,1,D,39,23,56,2,70,38,29,52,55,58
433,27/04/94,West Ham,Blackburn,1,2,A,39,33,53,-12,80,38,27,60,47,41
434,30/04/94,Arsenal,West Ham,0,2,A,39,55,24,29,47,40,-13,42,71,53
435,30/04/94,Leeds,Everton,3,0,H,40,58,37,18,41,39,-19,39,63,55
436,30/04/94,Liverpool,Norwich,0,1,A,40,60,52,6,49,40,3,63,60,58
437,30/04/94,Man City,Chelsea,2,2,D,39,47,46,-11,47,40,-4,43,43,35
438,30/04/94,Oldham,Sheffield Weds,0,0,D,39,51,64,-24,61,38,22,73,37,40
439,30/04/94,QPR,Swindon,1,3,A,40,94,57,2,27,39,-50,44,56,59
440,30/04/94,Sheffield United,Newcastle,2,0,H,40,39,56,-19,74,39,41,80,38,37
441,30/04/94,Southampton,Aston Villa,4,1,H,40,45,60,-18,54,39,-2,43,39,42
442,30/04/94,Wimbledon,Tottenham,2,1,H,39,55,49,3,42,40,-5,50,62,52
443,01/05/94,Ipswich,Man United,1,2,A,39,37,56,-22,85,40,39,76,42,34
444,02/05/94,Coventry,Blackburn,2,1,H,40,34,43,-4,83,39,28,62,49,39
445,03/05/94,Leeds,Sheffield Weds,2,2,D,40,51,37,21,62,40,22,73,66,58
446,03/05/94,Oldham,Sheffield United,1,1,D,40,56,64,-24,41,39,-17,39,38,40
447,03/05/94,QPR,West Ham,0,0,D,40,55,60,0,50,40,-11,44,56,60
448,04/05/94,Chelsea,Coventry,1,2,A,40,44,49,-4,52,40,-3,41,48,45
449,04/05/94,Man United,Southampton,2,0,H,40,61,38,40,42,40,-15,46,88,78
450,05/05/94,Oldham,Tottenham,0,2,A,40,57,65,-24,42,40,-6,51,39,41
451,07/05/94,Aston Villa,Liverpool,2,1,H,41,53,49,-5,60,41,5,58,54,44
452,07/05/94,Blackburn,Ipswich,0,0,D,41,58,36,27,42,41,-23,35,83,63
453,07/05/94,Chelsea,Sheffield United,3,2,H,41,57,51,-5,42,41,-17,40,48,46
454,07/05/94,Everton,Wimbledon,3,2,H,41,50,61,-22,65,41,4,54,41,39
455,07/05/94,Newcastle,Arsenal,2,0,H,41,26,41,39,71,41,27,53,74,80
456,07/05/94,Norwich,Oldham,1,1,D,41,67,60,4,39,41,-26,41,52,64
457,07/05/94,Sheffield Weds,Man City,1,1,D,41,48,53,22,44,41,-11,37,63,75
458,07/05/94,Swindon,Leeds,0,5,A,41,39,95,-48,67,41,21,60,30,47
459,07/05/94,Tottenham,QPR,1,2,A,41,60,57,-4,57,41,0,60,45,53
460,07/05/94,West Ham,Southampton,3,3,D,41,63,55,-11,42,41,-17,46,51,44
461,08/05/94,Man United,Coventry,0,0,D,41,45,38,42,55,41,-2,43,91,80
