MatchID,Date,HomeTeam,AwayTeam,FTHG,FTAG,FTR,AT_match_played,AT_goal_against,HT_goal_against,HT_goal_differnece,AT_current_standing,HT_match_played,AT_goal_differnece,AT_goal_for,HT_current_standing,HT_goal_for
0,09/08/97,Barnsley,West Ham,1,2,A,0,0,0,0,0,0,0,0,0,0
1,09/08/97,Blackburn,Derby,1,0,H,0,0,0,0,0,0,0,0,0,0
2,09/08/97,Coventry,Chelsea,3,2,H,0,0,0,0,0,0,0,0,0,0
3,09/08/97,Everton,Crystal Palace,1,2,A,0,0,0,0,0,0,0,0,0,0
4,09/08/97,Leeds,Arsenal,1,1,D,0,0,0,0,0,0,0,0,0,0
5,09/08/97,Leicester,Aston Villa,1,0,H,0,0,0,0,0,0,0,0,0,0
6,09/08/97,Newcastle,Sheffield Weds,2,1,H,0,0,0,0,0,0,0,0,0,0
7,09/08/97,Southampton,Bolton,0,1,A,0,0,0,0,0,0,0,0,0,0
8,09/08/97,Wimbledon,Liverpool,1,1,D,0,0,0,0,0,0,0,0,0,0
9,10/08/97,Tottenham,Man United,0,2,A,0,0,0,0,0,0,0,0,0,0
10,11/08/97,Arsenal,Coventry,2,0,H,1,2,1,0,3,1,1,3,1,1
11,12/08/97,Crystal Palace,Barnsley,0,1,A,1,2,1,1,0,1,-1,1,3,2
12,13/08/97,Aston Villa,Blackburn,0,4,A,1,0,1,-1,3,1,1,1,0,0
13,13/08/97,Liverpool,Leicester,1,2,A,1,0,1,0,3,1,1,1,1,1
14,13/08/97,Man United,Southampton,1,0,H,1,1,0,2,0,1,-1,0,3,2
15,13/08/97,Sheffield Weds,Leeds,1,3,A,1,1,2,-1,1,1,0,1,0,1
16,13/08/97,West Ham,Tottenham,2,1,H,1,2,1,1,0,1,-2,0,3,2
17,23/08/97,Blackburn,Liverpool,1,1,D,2,3,0,5,1,2,-1,2,6,5
18,23/08/97,Coventry,Bolton,2,2,D,1,0,4,-1,3,2,1,1,3,3
19,23/08/97,Everton,West Ham,2,1,H,2,2,2,-1,6,1,2,4,0,1
20,23/08/97,Leeds,Crystal Palace,0,2,A,2,2,2,2,3,2,0,2,4,4
21,23/08/97,Leicester,Man United,0,0,D,2,0,1,2,6,2,3,3,6,3
22,23/08/97,Newcastle,Aston Villa,1,0,H,2,5,1,1,0,1,-5,0,3,2
23,23/08/97,Southampton,Arsenal,1,3,A,2,1,2,-2,4,2,2,3,0,0
24,23/08/97,Tottenham,Derby,1,0,H,1,1,4,-3,0,2,-1,0,0,1
25,23/08/97,Wimbledon,Sheffield Weds,1,1,D,2,5,1,0,0,1,-3,2,1,1
26,24/08/97,Barnsley,Chelsea,0,6,A,1,3,2,0,0,2,-1,2,3,2
27,25/08/97,Blackburn,Sheffield Weds,7,2,H,3,6,1,5,1,3,-3,3,7,6
28,26/08/97,Leeds,Liverpool,0,2,A,3,4,4,0,2,3,-1,3,4,4
29,27/08/97,Barnsley,Bolton,2,1,H,2,2,8,-6,4,3,1,3,3,2
30,27/08/97,Coventry,West Ham,1,1,D,3,4,6,-1,6,3,1,5,4,5
31,27/08/97,Everton,Man United,0,2,A,3,0,3,0,7,2,3,3,3,3
32,27/08/97,Leicester,Arsenal,3,3,D,3,2,1,2,7,3,4,6,7,3
33,27/08/97,Southampton,Crystal Palace,1,0,H,3,2,5,-4,6,3,2,4,0,1
34,27/08/97,Tottenham,Aston Villa,3,2,H,3,6,4,-2,0,3,-6,0,3,2
35,27/08/97,Wimbledon,Chelsea,0,2,A,2,3,2,0,3,2,5,8,2,2
36,30/08/97,Arsenal,Tottenham,0,0,D,4,6,5,4,6,4,-1,5,8,9
37,30/08/97,Aston Villa,Leeds,1,0,H,4,6,9,-7,4,4,-2,4,0,2
38,30/08/97,Chelsea,Southampton,4,2,H,4,5,3,7,3,3,-3,2,6,10
39,30/08/97,Crystal Palace,Blackburn,1,2,A,4,3,3,1,10,4,10,13,6,4
40,30/08/97,Derby,Barnsley,1,0,H,4,9,2,-2,6,2,-5,4,0,0
41,30/08/97,Man United,Coventry,3,0,H,4,7,0,5,5,4,-1,6,10,5
42,30/08/97,Sheffield Weds,Leicester,1,0,H,4,4,13,-8,8,4,2,6,1,5
43,30/08/97,West Ham,Wimbledon,3,1,H,3,4,5,1,2,4,-2,2,7,6
44,01/09/97,Bolton,Everton,0,0,D,3,5,4,0,3,3,-2,3,4,4
45,13/09/97,Arsenal,Bolton,4,1,H,4,4,5,4,5,5,0,4,9,9
46,13/09/97,Barnsley,Aston Villa,0,3,A,5,9,10,-6,3,5,-6,3,6,4
47,13/09/97,Coventry,Southampton,1,0,H,5,9,10,-4,3,5,-5,4,5,6
48,13/09/97,Crystal Palace,Chelsea,0,3,A,4,5,5,0,9,5,9,14,6,5
49,13/09/97,Derby,Everton,3,1,H,4,5,2,-1,4,3,-2,3,3,1
50,13/09/97,Leicester,Tottenham,3,0,H,5,6,5,1,7,5,-1,5,8,6
51,13/09/97,Liverpool,Sheffield Weds,2,1,H,5,13,4,1,4,4,-7,6,5,5
52,13/09/97,Man United,West Ham,2,1,H,5,6,0,8,10,5,3,9,13,8
53,13/09/97,Newcastle,Wimbledon,1,3,A,4,7,1,2,2,2,-4,3,6,3
54,14/09/97,Blackburn,Leeds,3,4,A,5,7,4,11,4,5,-3,4,13,15
55,20/09/97,Aston Villa,Derby,2,1,H,4,3,9,-3,6,6,1,4,6,6
56,20/09/97,Bolton,Man United,0,0,D,6,1,8,-3,16,5,9,10,5,5
57,20/09/97,Everton,Barnsley,4,2,H,6,13,8,-4,6,5,-9,4,4,4
58,20/09/97,Leeds,Leicester,0,1,A,6,5,10,-2,11,6,4,9,7,8
59,20/09/97,Sheffield Weds,Coventry,0,0,D,6,10,15,-8,8,6,-3,7,4,7
60,20/09/97,Southampton,Liverpool,1,1,D,5,5,10,-6,8,6,2,7,3,4
61,20/09/97,Tottenham,Blackburn,0,0,D,6,8,9,-4,13,6,10,18,7,5
62,20/09/97,West Ham,Newcastle,0,1,A,3,4,8,2,6,6,0,4,10,10
63,20/09/97,Wimbledon,Crystal Palace,0,1,A,6,8,8,-2,6,5,-3,5,5,6
64,21/09/97,Chelsea,Arsenal,2,3,A,6,6,5,12,12,5,7,13,12,17
65,22/09/97,Liverpool,Aston Villa,3,0,H,7,10,6,2,9,6,-2,8,9,8
66,23/09/97,Bolton,Tottenham,1,1,D,7,9,8,-3,8,6,-4,5,6,5
67,23/09/97,Wimbledon,Barnsley,4,1,H,7,17,9,-3,6,6,-11,6,5,6
68,24/09/97,Arsenal,West Ham,4,0,H,7,9,8,8,10,7,1,10,15,16
69,24/09/97,Coventry,Crystal Palace,1,1,D,7,8,10,-3,9,7,-2,6,9,7
70,24/09/97,Leicester,Blackburn,1,1,D,7,8,5,5,14,7,10,18,14,10
71,24/09/97,Man United,Chelsea,2,2,D,6,8,1,9,12,7,11,19,17,10
72,24/09/97,Newcastle,Everton,1,0,H,6,10,4,1,7,4,-2,8,9,5
73,24/09/97,Sheffield Weds,Derby,2,5,A,5,5,15,-8,6,7,0,5,5,7
74,24/09/97,Southampton,Leeds,0,2,A,7,11,11,-6,7,7,-3,8,4,5
75,27/09/97,Aston Villa,Sheffield Weds,2,2,D,8,20,13,-5,5,8,-11,9,9,8
76,27/09/97,Barnsley,Leicester,0,2,A,8,6,21,-14,15,8,5,11,6,7
77,27/09/97,Chelsea,Newcastle,1,0,H,5,4,10,11,12,7,2,6,13,21
78,27/09/97,Crystal Palace,Bolton,2,2,D,7,9,9,-2,7,8,-3,6,10,7
79,27/09/97,Derby,Southampton,4,0,H,8,13,7,3,4,6,-8,5,9,10
80,27/09/97,Everton,Arsenal,2,2,D,8,8,11,-3,18,7,12,20,7,8
81,27/09/97,Leeds,Man United,1,0,H,8,3,11,-1,18,8,9,12,10,10
82,27/09/97,Tottenham,Wimbledon,0,0,D,7,10,10,-4,8,8,0,10,9,6
83,27/09/97,West Ham,Liverpool,2,1,H,7,6,13,-3,12,8,5,11,10,10
84,28/09/97,Blackburn,Coventry,0,0,D,8,11,9,10,10,8,-3,8,15,19
85,04/10/97,Arsenal,Barnsley,5,0,H,9,23,10,12,6,9,-16,7,19,22
86,04/10/97,Bolton,Aston Villa,0,1,A,9,15,11,-3,10,8,-5,10,8,8
87,04/10/97,Coventry,Leeds,0,0,D,9,11,11,-3,13,9,0,11,11,8
88,04/10/97,Man United,Crystal Palace,2,0,H,9,11,4,8,11,9,-2,9,18,12
89,04/10/97,Newcastle,Tottenham,1,0,H,9,10,5,1,10,6,-4,6,12,6
90,04/10/97,Sheffield Weds,Everton,3,1,H,8,13,22,-11,8,9,-3,10,6,11
91,04/10/97,Southampton,West Ham,3,0,H,9,14,17,-12,13,9,-2,12,4,5
92,04/10/97,Wimbledon,Blackburn,0,1,A,9,9,10,0,16,8,10,19,9,10
93,05/10/97,Liverpool,Chelsea,4,2,H,8,10,8,4,16,8,12,22,12,12
94,06/10/97,Leicester,Derby,1,2,A,7,7,6,7,12,9,7,14,18,13
95,18/10/97,Aston Villa,Wimbledon,1,2,A,9,11,15,-4,9,10,-1,10,13,11
96,18/10/97,Blackburn,Southampton,1,0,H,10,17,9,11,7,10,-9,8,19,20
97,18/10/97,Chelsea,Leicester,1,0,H,10,8,14,10,18,9,6,14,16,24
98,18/10/97,Crystal Palace,Arsenal,0,0,D,10,10,13,-4,22,10,17,27,11,9
99,18/10/97,Derby,Man United,2,2,D,10,4,8,8,21,8,10,14,15,16
100,18/10/97,Everton,Liverpool,2,0,H,9,10,16,-5,15,9,6,16,8,11
101,18/10/97,Leeds,Newcastle,4,1,H,7,5,11,0,15,10,2,7,14,11
102,18/10/97,West Ham,Bolton,3,0,H,9,12,17,-5,8,10,-4,8,13,12
103,19/10/97,Tottenham,Sheffield Weds,3,2,H,10,23,11,-5,9,10,-9,14,10,6
104,20/10/97,Barnsley,Coventry,2,0,H,10,11,28,-21,12,10,-3,8,6,7
105,22/10/97,Derby,Wimbledon,1,1,D,10,12,10,8,12,9,0,12,16,18
106,25/10/97,Coventry,Everton,0,0,D,10,16,13,-5,11,11,-3,13,12,8
107,25/10/97,Liverpool,Derby,4,0,H,10,11,12,4,17,10,8,19,15,16
108,25/10/97,Man United,Barnsley,7,0,H,11,28,6,10,9,11,-19,9,22,16
109,25/10/97,Newcastle,Blackburn,1,1,D,11,9,9,-1,22,8,12,21,15,8
110,25/10/97,Sheffield Weds,Crystal Palace,1,3,A,11,13,26,-10,12,11,-4,9,9,16
111,25/10/97,Southampton,Tottenham,3,2,H,11,13,18,-10,13,11,-4,9,7,8
112,25/10/97,Wimbledon,Leeds,1,0,H,11,12,13,0,17,11,3,15,13,13
113,26/10/97,Arsenal,Aston Villa,0,0,D,11,17,10,17,13,11,-5,12,23,27
114,26/10/97,Bolton,Chelsea,1,0,H,10,14,15,-7,19,10,11,25,8,8
115,27/10/97,Leicester,West Ham,2,1,H,11,17,9,5,16,11,-2,15,18,14
116,01/11/97,Aston Villa,Chelsea,0,2,A,11,15,17,-5,19,12,10,25,14,12
117,01/11/97,Barnsley,Blackburn,1,1,D,12,10,35,-26,23,12,12,22,9,9
118,01/11/97,Bolton,Liverpool,1,1,D,11,12,15,-6,18,11,8,20,11,9
119,01/11/97,Derby,Arsenal,3,0,H,12,10,15,4,24,11,17,27,17,19
120,01/11/97,Man United,Sheffield Weds,6,1,H,12,29,6,17,9,12,-12,17,25,23
121,01/11/97,Newcastle,Leicester,3,3,D,12,10,10,-1,21,9,6,16,16,9
122,01/11/97,Tottenham,Leeds,0,1,A,12,13,16,-5,17,12,2,15,13,11
123,01/11/97,Wimbledon,Coventry,1,2,A,12,13,13,1,13,12,-5,8,16,14
124,02/11/97,Everton,Southampton,0,2,A,12,20,16,-3,10,11,-9,11,12,13
125,08/11/97,Blackburn,Everton,3,2,H,12,18,11,12,12,13,-5,13,24,23
126,08/11/97,Coventry,Newcastle,2,2,D,10,13,14,-4,17,13,-1,12,16,10
127,08/11/97,Crystal Palace,Aston Villa,1,1,D,13,19,14,-2,14,12,-7,12,15,12
128,08/11/97,Leeds,Derby,4,3,H,12,15,13,3,20,13,7,22,20,16
129,08/11/97,Liverpool,Tottenham,4,0,H,13,17,13,8,13,12,-6,11,19,21
130,08/11/97,Sheffield Weds,Bolton,5,0,H,12,16,35,-17,12,13,-6,10,9,18
131,08/11/97,Southampton,Barnsley,4,1,H,13,36,20,-7,10,13,-26,10,13,13
132,09/11/97,Arsenal,Man United,3,2,H,13,7,13,14,28,13,22,29,24,27
133,09/11/97,Chelsea,West Ham,2,1,H,12,19,15,12,16,12,-3,16,22,27
134,10/11/97,Leicester,Wimbledon,0,1,A,13,15,13,6,16,13,0,15,22,19
135,22/11/97,Aston Villa,Everton,2,1,H,13,21,20,-7,12,14,-6,15,15,13
136,22/11/97,Blackburn,Chelsea,1,0,H,13,16,13,13,25,14,13,29,27,26
137,22/11/97,Derby,Coventry,3,1,H,14,16,19,6,17,13,-4,12,20,25
138,22/11/97,Leicester,Bolton,0,0,D,13,21,14,5,12,14,-11,10,22,19
139,22/11/97,Liverpool,Barnsley,0,1,A,14,40,13,12,10,13,-29,11,22,25
140,22/11/97,Newcastle,Southampton,2,1,H,14,21,15,-1,16,11,-4,17,18,14
141,22/11/97,Sheffield Weds,Arsenal,2,0,H,14,15,35,-12,27,14,15,30,12,23
142,22/11/97,Wimbledon,Man United,2,5,A,14,10,15,1,28,14,21,31,19,16
143,23/11/97,Leeds,West Ham,3,1,H,13,21,16,4,16,14,-4,17,23,20
144,24/11/97,Tottenham,Crystal Palace,0,1,A,13,15,21,-10,16,14,-2,13,13,11
145,26/11/97,Chelsea,Everton,2,0,H,14,23,17,12,12,14,-7,16,25,29
146,29/11/97,Barnsley,Leeds,2,3,A,15,17,40,-28,26,15,6,23,13,12
147,29/11/97,Bolton,Wimbledon,1,0,H,15,20,21,-11,19,14,-2,18,13,10
148,29/11/97,Chelsea,Derby,4,0,H,14,20,17,14,23,15,8,28,28,31
149,29/11/97,Coventry,Leicester,0,2,A,15,14,19,-6,23,15,5,19,17,13
150,29/11/97,Crystal Palace,Newcastle,1,2,A,12,16,15,-1,21,14,0,16,19,14
151,29/11/97,Everton,Tottenham,0,2,A,15,22,25,-9,13,15,-11,11,12,16
152,29/11/97,Southampton,Sheffield Weds,2,3,A,15,35,23,-5,15,15,-10,25,16,18
153,29/11/97,West Ham,Aston Villa,2,1,H,15,21,24,-6,18,14,-6,15,16,18
154,30/11/97,Arsenal,Liverpool,0,1,A,14,14,17,13,22,15,11,25,27,30
155,30/11/97,Man United,Blackburn,4,0,H,15,13,12,24,30,15,14,27,31,36
156,01/12/97,Bolton,Newcastle,1,0,H,13,17,21,-10,24,15,1,18,16,11
157,03/12/97,West Ham,Crystal Palace,4,1,H,15,17,25,-5,19,15,-2,15,19,20
158,06/12/97,Aston Villa,Coventry,3,0,H,16,21,23,-7,17,16,-8,13,18,16
159,06/12/97,Blackburn,Bolton,3,1,H,16,21,17,10,19,16,-9,12,30,27
160,06/12/97,Derby,West Ham,2,0,H,16,26,24,4,22,15,-2,24,23,28
161,06/12/97,Leeds,Everton,0,0,D,16,27,19,7,12,16,-11,16,29,26
162,06/12/97,Leicester,Crystal Palace,1,1,D,16,21,14,7,19,16,-5,16,26,21
163,06/12/97,Liverpool,Man United,1,3,A,16,12,14,12,34,15,28,40,25,26
164,06/12/97,Newcastle,Arsenal,0,1,A,16,18,18,0,27,14,12,30,24,18
165,06/12/97,Tottenham,Chelsea,1,6,A,16,17,22,-9,31,16,18,35,16,13
166,07/12/97,Wimbledon,Southampton,1,0,H,16,26,21,-3,16,16,-6,20,19,18
167,08/12/97,Sheffield Weds,Barnsley,2,1,H,16,43,37,-9,13,16,-29,14,18,28
168,13/12/97,Arsenal,Blackburn,1,3,A,17,18,18,13,33,17,12,30,30,31
169,13/12/97,Barnsley,Newcastle,2,2,D,15,19,45,-30,24,17,-1,18,13,15
170,13/12/97,Chelsea,Leeds,0,0,D,17,19,18,23,30,17,7,26,34,41
171,13/12/97,Coventry,Tottenham,4,0,H,17,28,24,-11,16,17,-14,14,17,13
172,13/12/97,Crystal Palace,Liverpool,0,3,A,16,17,22,-5,25,17,10,27,20,17
173,13/12/97,Everton,Wimbledon,0,0,D,17,21,27,-11,22,17,-2,19,13,16
174,13/12/97,Southampton,Leicester,2,1,H,17,15,27,-7,27,17,7,22,16,20
175,13/12/97,West Ham,Sheffield Weds,1,0,H,17,38,28,-4,21,17,-8,30,22,24
176,14/12/97,Bolton,Derby,3,3,D,16,24,24,-11,26,17,6,30,19,13
177,15/12/97,Man United,Aston Villa,1,0,H,17,23,13,30,21,17,-4,19,37,43
178,17/12/97,Newcastle,Derby,0,0,D,17,27,21,-1,27,16,6,33,25,20
179,20/12/97,Aston Villa,Southampton,1,1,D,18,28,24,-5,19,18,-6,22,21,19
180,20/12/97,Blackburn,West Ham,3,0,H,18,28,19,14,25,18,-3,25,36,33
181,20/12/97,Derby,Crystal Palace,0,0,D,18,25,27,6,20,18,-8,17,28,33
182,20/12/97,Leeds,Bolton,2,0,H,18,27,19,7,20,18,-11,16,31,26
183,20/12/97,Leicester,Everton,0,1,A,18,27,17,6,14,18,-11,16,27,23
184,20/12/97,Liverpool,Coventry,1,0,H,18,24,17,13,20,17,-7,17,28,30
185,20/12/97,Sheffield Weds,Chelsea,1,4,A,18,18,39,-9,35,18,23,41,21,30
186,20/12/97,Tottenham,Barnsley,3,0,H,18,47,32,-18,14,18,-30,17,16,14
187,21/12/97,Newcastle,Man United,0,1,A,18,13,21,-1,40,17,31,44,26,20
188,26/12/97,Arsenal,Leicester,2,1,H,19,18,21,11,27,18,5,23,30,32
189,26/12/97,Aston Villa,Tottenham,4,1,H,19,32,25,-5,19,19,-15,17,22,20
190,26/12/97,Bolton,Barnsley,1,1,D,19,50,29,-13,14,19,-33,17,20,16
191,26/12/97,Chelsea,Wimbledon,1,1,D,18,21,19,26,23,19,-2,19,38,45
192,26/12/97,Crystal Palace,Southampton,1,1,D,19,29,25,-8,20,19,-6,23,21,17
193,26/12/97,Derby,Newcastle,1,0,H,18,22,27,6,26,19,-2,20,29,33
194,26/12/97,Liverpool,Leeds,3,1,H,19,19,17,14,34,18,9,28,31,31
195,26/12/97,Man United,Everton,2,0,H,19,27,13,32,17,19,-10,17,43,45
196,26/12/97,Sheffield Weds,Blackburn,0,0,D,19,19,43,-12,39,19,17,36,21,31
197,26/12/97,West Ham,Coventry,1,0,H,19,25,31,-6,20,19,-8,17,25,25
198,28/12/97,Barnsley,Derby,1,0,H,20,27,51,-33,32,20,7,34,15,18
199,28/12/97,Blackburn,Crystal Palace,2,2,D,20,26,19,17,22,20,-8,18,40,36
200,28/12/97,Coventry,Man United,3,2,H,20,13,26,-9,46,20,34,47,20,17
201,28/12/97,Everton,Bolton,3,2,H,20,30,29,-12,21,20,-13,17,17,17
202,28/12/97,Leeds,Aston Villa,1,1,D,20,26,22,7,25,20,-2,24,34,29
203,28/12/97,Leicester,Sheffield Weds,1,1,D,20,43,20,4,22,20,-12,31,27,24
204,28/12/97,Newcastle,Liverpool,1,2,A,19,18,23,-3,34,19,16,34,26,20
205,28/12/97,Tottenham,Arsenal,1,1,D,19,22,36,-18,33,20,12,34,19,18
206,28/12/97,Wimbledon,West Ham,1,2,A,20,31,22,-2,28,19,-5,26,24,20
207,29/12/97,Southampton,Chelsea,1,0,H,20,20,30,-6,39,20,26,46,21,24
208,10/01/98,Arsenal,Leeds,2,1,H,21,23,23,12,35,20,7,30,34,35
209,10/01/98,Aston Villa,Leicester,1,1,D,21,21,27,-2,28,21,4,25,26,25
210,10/01/98,Bolton,Southampton,0,0,D,21,30,33,-14,24,21,-5,25,21,19
211,10/01/98,Chelsea,Coventry,3,1,H,21,28,21,25,23,21,-8,20,39,46
212,10/01/98,Crystal Palace,Everton,1,3,A,21,31,28,-8,20,21,-11,20,23,20
213,10/01/98,Liverpool,Wimbledon,2,0,H,20,24,19,17,24,20,-3,21,37,36
214,10/01/98,Man United,Tottenham,2,0,H,21,37,16,33,20,21,-18,19,46,49
215,10/01/98,Sheffield Weds,Newcastle,2,1,H,20,25,44,-12,26,21,-4,21,23,32
216,10/01/98,West Ham,Barnsley,6,0,H,21,51,32,-4,18,21,-32,19,31,28
217,11/01/98,Derby,Blackburn,3,1,H,21,21,28,6,41,21,17,38,32,34
218,17/01/98,Barnsley,Crystal Palace,1,0,H,22,31,57,-38,23,22,-10,21,18,19
219,17/01/98,Blackburn,Aston Villa,5,0,H,22,28,24,15,27,22,-2,26,41,39
220,17/01/98,Coventry,Arsenal,2,2,D,21,24,31,-10,37,22,13,37,23,21
221,17/01/98,Leeds,Sheffield Weds,1,2,A,22,45,25,6,26,22,-11,34,35,31
222,17/01/98,Leicester,Liverpool,0,0,D,21,19,22,4,40,22,19,38,29,26
223,17/01/98,Newcastle,Bolton,2,1,H,22,33,27,-5,22,21,-14,19,26,22
224,17/01/98,Tottenham,West Ham,1,0,H,22,32,39,-20,34,22,2,34,20,19
225,17/01/98,Wimbledon,Derby,0,0,D,22,29,26,-5,35,21,8,37,24,21
226,18/01/98,Everton,Chelsea,3,1,H,22,22,32,-9,42,22,27,49,23,23
227,19/01/98,Southampton,Man United,1,0,H,22,16,30,-5,49,22,35,51,25,25
228,20/01/98,Liverpool,Newcastle,1,0,H,22,28,19,19,29,22,-4,24,41,38
229,31/01/98,Arsenal,Southampton,3,0,H,23,30,26,13,28,22,-4,26,38,39
230,31/01/98,Bolton,Coventry,1,5,A,23,33,35,-15,24,23,-10,23,22,20
231,31/01/98,Chelsea,Barnsley,2,0,H,23,57,25,25,21,23,-37,20,42,50
232,31/01/98,Crystal Palace,Leeds,0,2,A,23,27,32,-11,35,23,5,32,23,21
233,31/01/98,Derby,Tottenham,2,1,H,23,39,29,8,23,23,-19,20,36,37
234,31/01/98,Liverpool,Blackburn,0,0,D,23,24,19,20,44,23,20,44,44,39
235,31/01/98,Man United,Leicester,0,1,A,23,22,17,34,30,23,4,26,49,51
236,31/01/98,Sheffield Weds,Wimbledon,1,1,D,22,26,46,-10,25,23,-5,21,29,36
237,31/01/98,West Ham,Everton,2,2,D,23,33,33,1,26,23,-7,26,34,34
238,01/02/98,Aston Villa,Newcastle,0,1,A,23,29,33,-7,29,23,-5,24,27,26
239,07/02/98,Barnsley,Everton,2,2,D,24,35,59,-39,27,24,-7,28,21,20
240,07/02/98,Blackburn,Tottenham,0,3,A,24,41,24,20,23,24,-20,21,45,44
241,07/02/98,Coventry,Sheffield Weds,1,0,H,24,47,34,-6,30,24,-10,37,27,28
242,07/02/98,Derby,Aston Villa,0,1,A,24,34,30,9,27,24,-8,26,39,39
243,07/02/98,Leicester,Leeds,1,0,H,24,27,22,5,38,24,7,34,33,27
244,07/02/98,Liverpool,Southampton,2,3,A,24,33,19,20,28,24,-7,26,45,39
245,07/02/98,Man United,Bolton,1,1,D,24,40,18,33,22,24,-19,21,49,51
246,07/02/98,Newcastle,West Ham,0,1,A,24,35,29,-4,35,24,1,36,32,25
247,08/02/98,Arsenal,Chelsea,2,0,H,24,25,26,16,45,23,27,52,41,42
248,09/02/98,Crystal Palace,Wimbledon,0,3,A,23,27,34,-13,26,24,-5,22,23,21
249,14/02/98,Everton,Derby,1,2,A,25,31,37,-7,39,25,8,39,28,30
250,14/02/98,Sheffield Weds,Liverpool,3,3,D,25,22,48,-11,45,25,19,41,30,37
251,14/02/98,Tottenham,Leicester,1,1,D,25,22,41,-17,36,25,6,28,26,24
252,18/02/98,Aston Villa,Man United,0,2,A,25,19,34,-7,50,25,33,52,30,27
253,18/02/98,Southampton,Coventry,1,2,A,25,34,35,-6,30,25,-5,29,31,29
254,21/02/98,Arsenal,Crystal Palace,1,0,H,25,37,26,18,23,24,-16,21,44,44
255,21/02/98,Bolton,West Ham,1,1,D,25,35,41,-19,38,25,2,37,23,22
256,21/02/98,Coventry,Barnsley,1,0,H,25,61,35,-4,22,26,-39,22,33,31
257,21/02/98,Leicester,Chelsea,2,0,H,25,27,23,6,45,26,25,52,37,29
258,21/02/98,Man United,Derby,2,0,H,26,32,19,35,42,26,9,41,53,54
259,21/02/98,Sheffield Weds,Tottenham,1,0,H,26,42,51,-11,27,26,-17,25,31,40
260,21/02/98,Southampton,Blackburn,3,0,H,25,27,37,-7,45,26,17,44,31,30
261,21/02/98,Wimbledon,Aston Villa,2,1,H,26,36,27,-2,30,24,-9,27,29,25
262,22/02/98,Newcastle,Leeds,1,1,D,25,28,30,-5,38,25,6,34,32,25
263,23/02/98,Liverpool,Everton,1,1,D,26,39,25,19,28,26,-8,31,46,44
264,28/02/98,Aston Villa,Liverpool,2,1,H,27,26,38,-10,47,27,19,45,30,28
265,28/02/98,Barnsley,Wimbledon,2,1,H,25,28,62,-40,32,26,-1,27,22,22
266,28/02/98,Blackburn,Leicester,5,3,H,27,23,30,14,40,26,8,31,45,44
267,28/02/98,Chelsea,Man United,0,1,A,27,19,29,23,56,26,37,56,45,52
268,28/02/98,Crystal Palace,Coventry,0,3,A,27,35,38,-17,36,26,-3,32,23,21
269,28/02/98,Derby,Sheffield Weds,3,0,H,27,51,34,7,34,27,-10,41,42,41
270,28/02/98,Everton,Newcastle,0,0,D,26,31,40,-8,33,27,-5,26,29,32
271,28/02/98,Leeds,Southampton,0,1,A,27,37,29,6,34,26,-4,33,39,35
272,01/03/98,Tottenham,Bolton,1,0,H,26,42,43,-18,24,27,-19,23,27,25
273,02/03/98,West Ham,Arsenal,0,0,D,25,26,36,2,47,26,19,45,39,38
274,04/03/98,Leeds,Tottenham,1,0,H,28,43,30,5,30,27,-17,26,39,35
275,07/03/98,Liverpool,Bolton,2,1,H,27,43,28,18,24,28,-20,23,47,46
276,07/03/98,Sheffield Weds,Man United,2,0,H,28,19,54,-13,59,28,38,57,34,41
277,07/03/98,Southampton,Everton,2,1,H,28,40,37,-3,30,28,-8,32,37,34
278,08/03/98,Chelsea,Aston Villa,0,1,A,28,39,30,22,33,27,-9,30,45,52
279,11/03/98,Aston Villa,Barnsley,0,1,A,27,63,39,-8,25,29,-39,24,36,31
280,11/03/98,Chelsea,Crystal Palace,6,2,H,27,41,31,21,23,28,-20,21,45,52
281,11/03/98,Leeds,Blackburn,4,0,H,27,33,30,6,48,28,16,49,42,36
282,11/03/98,West Ham,Man United,1,1,D,29,21,36,2,59,27,36,57,40,38
283,11/03/98,Wimbledon,Arsenal,0,1,A,26,26,30,-2,48,26,19,45,32,28
284,14/03/98,Aston Villa,Crystal Palace,3,1,H,28,47,40,-9,23,30,-24,23,36,31
285,14/03/98,Barnsley,Southampton,4,3,H,29,38,63,-38,40,28,-2,36,28,25
286,14/03/98,Bolton,Sheffield Weds,3,2,H,29,54,45,-21,37,28,-11,43,24,24
287,14/03/98,Everton,Blackburn,1,0,H,28,37,42,-9,48,29,12,49,30,33
288,14/03/98,Man United,Arsenal,0,1,A,27,26,22,36,51,30,20,46,60,58
289,14/03/98,Newcastle,Coventry,0,0,D,28,35,31,-5,39,27,0,35,34,26
290,14/03/98,Tottenham,Liverpool,3,3,D,29,29,44,-18,50,29,19,48,30,26
291,14/03/98,West Ham,Chelsea,2,1,H,29,33,37,2,48,28,25,58,41,39
292,14/03/98,Wimbledon,Leicester,2,1,H,28,28,31,-3,40,27,6,34,32,28
293,15/03/98,Derby,Leeds,0,5,A,29,30,34,10,45,28,10,40,45,44
294,18/03/98,Newcastle,Crystal Palace,1,2,A,29,50,31,-5,23,28,-26,24,35,26
295,28/03/98,Arsenal,Sheffield Weds,1,0,H,30,57,26,21,37,28,-12,45,54,47
296,28/03/98,Barnsley,Liverpool,2,3,A,30,32,66,-37,51,29,19,51,31,29
297,28/03/98,Bolton,Leicester,2,0,H,29,30,47,-20,40,29,5,35,27,27
298,28/03/98,Coventry,Derby,1,0,H,29,39,35,0,45,29,5,44,40,35
299,28/03/98,Crystal Palace,Tottenham,1,3,A,30,47,51,-25,31,30,-18,29,26,26
300,28/03/98,Everton,Aston Villa,1,4,A,31,41,42,-8,39,30,-7,34,33,34
301,28/03/98,Man United,Wimbledon,2,0,H,28,32,23,35,35,31,-2,30,60,58
302,28/03/98,Southampton,Newcastle,2,1,H,29,33,42,-3,35,30,-6,27,40,39
303,30/03/98,West Ham,Leeds,3,0,H,30,30,38,3,48,29,15,45,44,41
304,31/03/98,Blackburn,Barnsley,2,1,H,30,69,38,11,31,29,-38,31,48,49
305,31/03/98,Bolton,Arsenal,0,1,A,29,26,47,-18,57,30,22,48,30,29
306,31/03/98,Wimbledon,Newcastle,0,0,D,30,35,34,-4,35,29,-7,28,35,30
307,04/04/98,Aston Villa,West Ham,2,0,H,30,38,42,-4,47,32,6,44,42,38
308,04/04/98,Leeds,Barnsley,2,1,H,31,71,33,12,31,31,-39,32,48,45
309,04/04/98,Leicester,Coventry,1,1,D,30,35,32,3,43,30,1,36,40,35
310,04/04/98,Sheffield Weds,Southampton,1,0,H,31,43,58,-13,43,31,-2,41,37,45
311,04/04/98,Tottenham,Everton,1,1,D,31,46,48,-16,33,31,-11,35,34,32
312,04/04/98,Wimbledon,Bolton,0,0,D,31,48,34,-4,30,30,-19,29,36,30
313,05/04/98,Derby,Chelsea,0,1,A,30,35,40,4,48,30,24,59,45,44
314,06/04/98,Blackburn,Man United,1,3,A,32,23,39,12,63,30,37,60,51,51
315,08/04/98,Leeds,Chelsea,3,1,H,31,35,34,13,51,32,25,60,51,47
316,10/04/98,Man United,Liverpool,1,1,D,31,34,24,39,54,33,20,54,66,63
317,11/04/98,Arsenal,Newcastle,3,1,H,31,35,26,23,36,30,-7,28,60,49
318,11/04/98,Barnsley,Sheffield Weds,2,1,H,32,58,73,-40,40,32,-12,46,31,33
319,11/04/98,Bolton,Blackburn,2,1,H,31,42,48,-19,51,32,10,52,31,29
320,11/04/98,Chelsea,Tottenham,2,0,H,32,49,38,23,35,32,-16,33,51,61
321,11/04/98,Coventry,Aston Villa,1,2,A,33,42,36,1,45,31,-2,40,44,37
322,11/04/98,Crystal Palace,Leicester,0,3,A,31,33,54,-27,41,31,3,36,26,27
323,11/04/98,Everton,Leeds,2,0,H,33,35,47,-11,54,32,15,50,34,36
324,11/04/98,Southampton,Wimbledon,0,1,A,31,34,44,-3,37,32,-4,30,43,41
325,11/04/98,West Ham,Derby,0,0,D,31,41,40,4,45,31,3,44,47,44
326,13/04/98,Blackburn,Arsenal,1,4,A,31,27,44,9,63,32,25,52,51,53
327,13/04/98,Derby,Bolton,4,0,H,33,49,41,3,34,32,-18,31,46,44
328,13/04/98,Liverpool,Crystal Palace,2,1,H,32,57,35,20,26,32,-30,27,55,55
329,13/04/98,Newcastle,Barnsley,2,1,H,33,74,38,-9,34,32,-39,35,36,29
330,13/04/98,Sheffield Weds,West Ham,1,1,D,32,40,60,-13,48,33,4,44,40,47
331,13/04/98,Tottenham,Coventry,1,1,D,32,38,51,-18,44,33,0,38,35,33
332,13/04/98,Wimbledon,Everton,0,0,D,33,47,34,-3,37,32,-9,38,40,31
333,14/04/98,Leicester,Southampton,3,3,D,33,45,33,6,43,32,-4,41,44,39
334,18/04/98,Arsenal,Wimbledon,5,0,H,33,34,28,28,41,32,-3,31,66,56
335,18/04/98,Barnsley,Tottenham,1,1,D,34,52,76,-40,36,34,-18,34,34,36
336,18/04/98,Bolton,Leeds,2,3,A,34,37,53,-22,54,34,13,50,34,31
337,18/04/98,Crystal Palace,Derby,3,1,H,33,41,59,-31,49,33,7,48,26,28
338,18/04/98,Everton,Leicester,1,1,D,33,36,47,-9,45,34,6,42,38,38
339,18/04/98,Man United,Newcastle,1,1,D,33,39,25,39,39,34,-8,31,67,64
340,18/04/98,Southampton,Aston Villa,1,2,A,34,43,48,-4,48,34,-1,42,44,44
341,18/04/98,West Ham,Blackburn,2,1,H,33,48,41,4,51,33,6,54,49,45
342,19/04/98,Chelsea,Sheffield Weds,1,0,H,34,61,38,25,41,33,-13,48,54,63
343,19/04/98,Coventry,Liverpool,1,1,D,33,36,39,0,58,33,21,57,45,39
344,25/04/98,Aston Villa,Bolton,1,3,A,35,56,44,0,34,35,-23,33,51,44
345,25/04/98,Barnsley,Arsenal,0,2,A,33,28,77,-40,69,35,33,61,35,37
346,25/04/98,Blackburn,Wimbledon,0,0,D,34,39,50,5,41,34,-8,31,51,55
347,25/04/98,Chelsea,Liverpool,4,1,H,34,37,38,26,59,34,21,58,57,64
348,25/04/98,Everton,Sheffield Weds,1,3,A,35,62,48,-9,41,35,-14,48,39,39
349,25/04/98,Leeds,Coventry,3,3,D,34,40,39,14,46,35,0,40,57,53
350,25/04/98,Tottenham,Newcastle,2,0,H,34,40,53,-18,40,35,-8,32,37,35
351,25/04/98,West Ham,Southampton,2,4,A,35,50,42,5,44,34,-5,45,52,47
352,26/04/98,Derby,Leicester,0,4,A,34,37,44,5,46,34,6,43,49,49
353,27/04/98,Crystal Palace,Man United,0,3,A,35,26,60,-29,68,34,39,65,29,31
354,29/04/98,Arsenal,Derby,1,0,H,35,48,28,35,49,34,1,49,72,63
355,29/04/98,Chelsea,Blackburn,0,1,A,35,50,39,29,52,35,5,55,60,68
356,29/04/98,Coventry,Wimbledon,0,0,D,35,39,43,0,42,35,-8,31,47,43
357,29/04/98,Leicester,Newcastle,0,0,D,35,42,37,10,40,35,-10,32,49,47
358,02/05/98,Bolton,Crystal Palace,5,2,H,35,63,57,-21,29,36,-32,31,37,36
359,02/05/98,Coventry,Blackburn,2,0,H,36,50,43,0,55,36,6,56,48,43
360,02/05/98,Leicester,Barnsley,1,0,H,36,79,37,10,35,36,-42,37,50,47
361,02/05/98,Liverpool,West Ham,5,0,H,35,46,41,18,52,35,3,49,59,59
362,02/05/98,Newcastle,Chelsea,3,1,H,36,40,42,-10,60,36,28,68,41,32
363,02/05/98,Sheffield Weds,Aston Villa,1,3,A,36,47,63,-12,51,36,-2,45,44,51
364,02/05/98,Southampton,Derby,0,2,A,36,49,52,-3,49,36,0,49,47,49
365,02/05/98,Wimbledon,Tottenham,2,6,A,36,53,39,-8,40,36,-16,37,43,31
366,03/05/98,Arsenal,Everton,4,0,H,36,51,28,36,39,35,-11,40,75,64
367,04/05/98,Man United,Leeds,3,0,H,36,42,26,42,58,36,14,56,71,68
368,05/05/98,Crystal Palace,West Ham,3,3,D,36,51,68,-35,52,36,-2,49,29,33
369,06/05/98,Liverpool,Arsenal,4,0,H,36,28,41,23,78,36,40,68,62,64
370,10/05/98,Aston Villa,Arsenal,1,0,H,37,32,48,0,78,37,36,68,54,48
371,10/05/98,Barnsley,Man United,0,2,A,37,26,80,-43,74,37,45,71,35,37
372,10/05/98,Blackburn,Newcastle,1,0,H,37,43,52,4,44,37,-8,35,55,56
373,10/05/98,Chelsea,Bolton,2,0,H,37,59,43,26,40,37,-18,41,60,69
374,10/05/98,Crystal Palace,Sheffield Weds,1,0,H,37,66,71,-35,44,37,-14,52,30,36
375,10/05/98,Derby,Liverpool,1,0,H,37,41,49,2,65,37,27,68,52,51
376,10/05/98,Everton,Coventry,1,1,D,37,43,55,-15,51,37,2,45,39,40
377,10/05/98,Leeds,Wimbledon,1,1,D,37,45,45,11,43,37,-12,33,58,56
378,10/05/98,Tottenham,Southampton,1,1,D,37,54,55,-12,47,37,-5,49,43,43
379,10/05/98,West Ham,Leicester,4,3,H,37,37,54,-2,53,37,11,48,53,52
