MatchID,Date,HomeTeam,AwayTeam,FTHG,FTAG,FTR,HomeOVA,AwayOVA,AT_match_played,AT_goal_against,HT_goal_against,HT_goal_differnece,AT_current_standing,HT_match_played,AT_goal_differnece,AT_goal_for,HT_current_standing,HT_goal_for
0,15/08/09,Aston Villa,Wigan,0,2,A,79,74,0,0,0,0,0,0,0,0,0,0
1,15/08/09,Blackburn,Man City,0,2,A,75,81,0,0,0,0,0,0,0,0,0,0
2,15/08/09,Bolton,Sunderland,0,1,A,75,75,0,0,0,0,0,0,0,0,0,0
3,15/08/09,Chelsea,Hull,2,1,H,83,73,0,0,0,0,0,0,0,0,0,0
4,15/08/09,Everton,Arsenal,1,6,A,79,81,0,0,0,0,0,0,0,0,0,0
5,15/08/09,Portsmouth,Fulham,0,1,A,75,76,0,0,0,0,0,0,0,0,0,0
6,15/08/09,Stoke,Burnley,2,0,H,73,72,0,0,0,0,0,0,0,0,0,0
7,15/08/09,Wolves,West Ham,0,2,A,72,76,0,0,0,0,0,0,0,0,0,0
8,16/08/09,Man United,Birmingham,1,0,H,82,74,0,0,0,0,0,0,0,0,0,0
9,16/08/09,Tottenham,Liverpool,2,1,H,79,82,0,0,0,0,0,0,0,0,0,0
10,18/08/09,Sunderland,Chelsea,1,3,A,75,83,1,1,0,1,3,1,1,2,3,1
11,18/08/09,Wigan,Wolves,0,1,A,74,72,1,2,0,2,0,1,-2,0,3,2
12,19/08/09,Birmingham,Portsmouth,1,0,H,74,75,1,1,1,-1,0,1,-1,0,0,0
13,19/08/09,Burnley,Man United,1,0,H,72,82,1,0,2,-2,3,1,1,1,0,0
14,19/08/09,Hull,Tottenham,1,5,A,73,79,1,1,2,-1,3,1,1,2,0,1
15,19/08/09,Liverpool,Stoke,4,0,H,82,73,1,0,2,-1,3,1,2,2,0,1
16,22/08/09,Arsenal,Portsmouth,4,1,H,81,75,2,2,1,5,0,1,-2,0,3,6
17,22/08/09,Birmingham,Stoke,0,0,D,74,73,2,4,1,0,3,2,-2,2,3,1
18,22/08/09,Hull,Bolton,1,0,H,73,75,1,1,7,-5,0,2,-1,0,0,2
19,22/08/09,Man City,Wolves,1,0,H,81,72,2,2,0,2,3,1,-1,1,3,2
20,22/08/09,Sunderland,Blackburn,2,1,H,75,75,1,2,3,-1,0,2,-2,0,3,2
21,22/08/09,Wigan,Man United,0,5,A,74,82,2,1,1,1,3,2,0,1,3,2
22,23/08/09,Burnley,Everton,1,0,H,72,79,1,6,2,-1,0,2,-5,1,3,1
23,23/08/09,Fulham,Chelsea,0,2,A,76,83,2,2,0,1,6,1,3,5,3,1
24,23/08/09,West Ham,Tottenham,1,2,A,76,79,2,2,0,2,6,1,5,7,3,2
25,24/08/09,Liverpool,Aston Villa,1,3,A,82,79,1,2,2,3,0,2,-2,0,3,5
26,29/08/09,Blackburn,West Ham,0,0,D,75,76,2,2,4,-3,3,2,1,3,0,1
27,29/08/09,Bolton,Liverpool,2,3,A,75,82,3,5,2,-2,3,2,1,6,0,0
28,29/08/09,Chelsea,Burnley,3,0,H,83,72,3,2,2,5,6,3,0,2,9,7
29,29/08/09,Man United,Arsenal,2,1,H,82,81,2,2,1,5,6,3,8,10,6,6
30,29/08/09,Stoke,Sunderland,1,0,H,73,75,3,4,4,-2,6,3,0,4,4,2
31,29/08/09,Tottenham,Birmingham,2,1,H,79,74,3,1,3,6,4,3,0,1,9,9
32,29/08/09,Wolves,Hull,1,1,D,72,73,3,7,3,-2,3,3,-4,3,3,1
33,30/08/09,Aston Villa,Fulham,2,0,H,79,76,2,2,3,0,3,2,-1,1,3,3
34,30/08/09,Everton,Wigan,2,1,H,79,74,3,6,7,-6,3,2,-4,2,0,1
35,30/08/09,Portsmouth,Man City,0,1,A,75,81,2,0,6,-5,6,3,3,3,0,1
36,12/09/09,Blackburn,Wolves,3,1,H,75,72,4,4,4,-3,4,3,-2,2,1,1
37,12/09/09,Liverpool,Burnley,4,0,H,82,72,4,5,7,2,6,4,-3,2,6,9
38,12/09/09,Man City,Arsenal,4,2,H,81,81,3,4,0,4,6,3,7,11,9,4
39,12/09/09,Portsmouth,Bolton,2,3,A,75,75,3,5,7,-6,0,4,-3,2,0,1
40,12/09/09,Stoke,Chelsea,1,2,A,73,83,4,2,4,-1,12,4,8,10,7,3
41,12/09/09,Sunderland,Hull,4,1,H,75,73,4,8,5,-1,4,4,-4,4,6,4
42,12/09/09,Tottenham,Man United,1,3,A,79,82,4,2,4,7,9,4,6,8,12,11
43,12/09/09,Wigan,West Ham,1,0,H,74,76,3,2,8,-5,4,4,1,3,3,3
44,13/09/09,Birmingham,Aston Villa,0,1,A,74,79,3,3,3,-1,6,4,2,5,4,2
45,13/09/09,Fulham,Everton,2,1,H,76,79,3,8,4,-3,3,3,-5,3,3,1
46,19/09/09,Arsenal,Wigan,4,0,H,81,74,5,8,8,5,6,4,-4,4,6,13
47,19/09/09,Aston Villa,Portsmouth,2,0,H,79,75,5,10,3,3,0,4,-7,3,9,6
48,19/09/09,Bolton,Stoke,1,1,D,75,73,5,6,7,-2,7,4,-2,4,3,5
49,19/09/09,Burnley,Sunderland,3,1,H,72,75,5,6,9,-7,9,5,2,8,6,2
50,19/09/09,Hull,Birmingham,0,1,A,73,74,5,4,12,-7,4,5,-2,2,4,5
51,19/09/09,West Ham,Liverpool,2,3,A,76,82,5,7,3,0,9,4,6,13,4,3
52,20/09/09,Chelsea,Tottenham,3,0,H,83,79,5,7,3,9,12,5,5,12,15,12
53,20/09/09,Everton,Blackburn,3,0,H,79,75,4,5,10,-6,4,4,-1,4,3,4
54,20/09/09,Man United,Man City,4,3,H,82,81,4,2,3,8,12,5,6,8,12,11
55,20/09/09,Wolves,Fulham,2,1,H,72,76,4,5,7,-4,6,5,-2,3,4,3
56,26/09/09,Birmingham,Bolton,1,2,A,74,75,5,8,4,-1,4,6,-2,6,7,3
57,26/09/09,Blackburn,Aston Villa,2,1,H,75,79,5,3,8,-4,12,5,5,8,4,4
58,26/09/09,Fulham,Arsenal,0,1,A,76,81,5,8,7,-3,9,5,9,17,6,4
59,26/09/09,Liverpool,Hull,6,1,H,82,73,6,13,9,7,4,6,-8,5,12,16
60,26/09/09,Portsmouth,Everton,0,1,A,75,79,5,10,12,-9,6,6,-3,7,0,3
61,26/09/09,Stoke,Man United,0,2,A,73,82,6,6,7,-2,15,6,9,15,8,5
62,26/09/09,Tottenham,Burnley,5,0,H,79,72,6,10,10,2,9,6,-5,5,12,12
63,26/09/09,Wigan,Chelsea,3,1,H,74,83,6,3,12,-8,18,6,12,15,6,4
64,27/09/09,Sunderland,Wolves,5,2,H,75,72,6,8,9,0,7,6,-3,5,9,9
65,28/09/09,Man City,West Ham,3,1,H,81,76,5,6,6,5,4,5,-1,5,12,11
66,03/10/09,Bolton,Tottenham,2,2,D,75,79,7,10,9,-1,15,6,7,17,7,8
67,03/10/09,Burnley,Birmingham,2,1,H,72,74,7,6,15,-10,7,7,-2,4,9,5
68,03/10/09,Hull,Wigan,2,1,H,73,74,7,13,19,-13,9,7,-6,7,4,6
69,03/10/09,Man United,Sunderland,2,2,D,82,75,7,11,6,11,12,7,3,14,18,17
70,03/10/09,Wolves,Portsmouth,0,1,A,72,75,7,13,13,-6,0,7,-10,3,7,7
71,04/10/09,Arsenal,Blackburn,6,2,H,81,75,6,9,8,10,7,6,-3,6,12,18
72,04/10/09,Chelsea,Liverpool,2,0,H,83,82,7,10,6,10,15,7,12,22,18,16
73,04/10/09,Everton,Stoke,1,1,D,79,73,7,9,10,-2,8,6,-4,5,9,8
74,04/10/09,West Ham,Fulham,2,2,D,76,76,6,8,9,-3,6,6,-4,4,4,6
75,05/10/09,Aston Villa,Man City,1,1,D,79,81,6,7,5,4,15,6,7,14,12,9
76,17/10/09,Arsenal,Birmingham,3,1,H,81,74,8,8,10,14,7,7,-3,5,15,24
77,17/10/09,Aston Villa,Chelsea,2,1,H,79,83,8,6,6,4,21,7,12,18,13,10
78,17/10/09,Everton,Wolves,1,1,D,79,72,8,14,11,-2,7,7,-7,7,10,9
79,17/10/09,Man United,Bolton,2,1,H,82,75,7,11,8,11,8,8,-1,10,19,19
80,17/10/09,Portsmouth,Tottenham,1,2,A,75,79,8,12,13,-9,16,8,7,19,3,4
81,17/10/09,Stoke,West Ham,2,1,H,73,76,7,11,10,-4,5,8,-3,8,9,6
82,17/10/09,Sunderland,Liverpool,1,0,H,75,82,8,12,13,3,15,8,10,22,13,16
83,18/10/09,Blackburn,Burnley,3,2,H,75,72,8,16,15,-7,12,7,-9,7,7,8
84,18/10/09,Wigan,Man City,1,1,D,74,81,7,8,15,-7,16,8,7,15,9,8
85,19/10/09,Fulham,Hull,2,0,H,76,73,8,20,10,-4,7,7,-12,8,7,6
86,24/10/09,Birmingham,Sunderland,2,1,H,74,75,9,13,11,-5,16,9,4,17,7,6
87,24/10/09,Burnley,Wigan,1,3,A,72,74,9,16,19,-10,10,9,-7,9,12,9
88,24/10/09,Chelsea,Blackburn,5,0,H,83,75,8,17,8,11,10,9,-6,11,21,19
89,24/10/09,Hull,Portsmouth,0,0,D,73,75,9,15,22,-14,3,9,-10,5,7,8
90,24/10/09,Tottenham,Stoke,0,1,A,79,73,9,11,13,8,12,9,-3,8,19,21
91,24/10/09,Wolves,Aston Villa,1,1,D,72,79,8,7,15,-7,16,9,5,12,8,8
92,25/10/09,Bolton,Everton,3,2,H,75,79,8,12,13,-2,11,8,-2,10,8,11
93,25/10/09,Liverpool,Man United,2,0,H,82,82,9,9,13,9,22,9,12,21,15,22
94,25/10/09,Man City,Fulham,2,2,D,81,76,8,10,9,7,10,8,-2,8,17,16
95,25/10/09,West Ham,Arsenal,2,2,D,76,81,8,11,13,-4,18,8,16,27,5,9
96,31/10/09,Arsenal,Tottenham,3,0,H,81,79,10,14,13,16,19,9,7,21,19,29
97,31/10/09,Bolton,Chelsea,0,4,A,75,83,10,8,15,-1,24,9,16,24,11,14
98,31/10/09,Burnley,Hull,2,0,H,72,73,10,22,22,-12,8,10,-14,8,12,10
99,31/10/09,Everton,Aston Villa,1,1,D,79,79,9,8,15,-3,17,9,5,13,11,12
100,31/10/09,Fulham,Liverpool,3,1,H,76,82,10,13,12,-2,18,9,11,24,11,10
101,31/10/09,Man United,Blackburn,2,0,H,82,75,9,22,11,10,10,10,-11,11,22,21
102,31/10/09,Portsmouth,Wigan,4,0,H,75,74,10,17,15,-10,13,10,-5,12,4,5
103,31/10/09,Stoke,Wolves,2,2,D,73,72,10,16,11,-2,9,10,-7,9,15,9
104,31/10/09,Sunderland,West Ham,2,2,D,75,76,9,15,15,3,6,10,-4,11,16,18
105,01/11/09,Birmingham,Man City,0,0,D,74,81,9,11,12,-4,18,10,7,18,10,8
106,04/11/09,West Ham,Aston Villa,2,1,H,76,79,10,9,17,-4,18,10,5,14,7,13
107,07/11/09,Aston Villa,Bolton,5,1,H,79,75,10,19,11,4,11,11,-5,14,18,15
108,07/11/09,Blackburn,Portsmouth,3,1,H,75,75,11,15,24,-13,7,10,-6,9,10,11
109,07/11/09,Man City,Burnley,3,3,D,81,72,11,22,11,7,15,10,-10,12,19,18
110,07/11/09,Tottenham,Sunderland,2,0,H,79,75,11,17,17,4,17,11,3,20,19,21
111,07/11/09,Wolves,Arsenal,1,4,A,72,81,10,13,18,-7,22,11,19,32,10,11
112,08/11/09,Chelsea,Man United,1,0,H,83,82,11,11,8,20,25,11,12,23,27,28
113,08/11/09,Hull,Stoke,2,1,H,73,73,11,13,24,-16,16,11,-2,11,8,8
114,08/11/09,West Ham,Everton,1,2,A,76,79,10,16,18,-3,12,11,-3,13,10,15
115,08/11/09,Wigan,Fulham,1,1,D,74,76,10,13,21,-9,14,11,0,13,13,12
116,09/11/09,Liverpool,Birmingham,2,2,D,82,74,11,12,16,9,11,11,-4,8,18,25
117,21/11/09,Birmingham,Fulham,1,0,H,74,76,11,14,14,-4,15,12,0,14,12,10
118,21/11/09,Burnley,Aston Villa,1,1,D,72,79,12,12,25,-10,21,12,8,20,16,15
119,21/11/09,Chelsea,Wolves,4,0,H,83,72,12,22,8,21,10,12,-10,12,30,29
120,21/11/09,Hull,West Ham,3,3,D,73,76,12,20,25,-15,10,12,-4,16,11,10
121,21/11/09,Liverpool,Man City,2,2,D,82,81,11,14,18,9,20,12,7,21,19,27
122,21/11/09,Man United,Everton,3,0,H,82,79,11,17,12,11,15,12,-2,15,25,23
123,21/11/09,Sunderland,Arsenal,1,0,H,75,81,11,14,19,1,25,12,22,36,17,20
124,22/11/09,Bolton,Blackburn,0,2,A,75,75,11,25,24,-9,13,11,-11,14,11,15
125,22/11/09,Stoke,Portsmouth,1,0,H,73,75,12,18,15,-3,7,12,-8,10,16,12
126,22/11/09,Tottenham,Wigan,9,1,H,79,74,12,22,17,6,14,12,-9,13,22,23
127,25/11/09,Fulham,Blackburn,3,0,H,76,75,12,25,15,-1,16,12,-9,16,15,14
128,25/11/09,Hull,Everton,3,2,H,73,79,12,20,28,-15,15,13,-5,15,12,13
129,28/11/09,Aston Villa,Tottenham,1,1,D,79,79,13,18,13,8,25,13,14,32,22,21
130,28/11/09,Blackburn,Stoke,0,0,D,75,73,13,15,28,-12,19,13,-2,13,16,16
131,28/11/09,Fulham,Bolton,1,1,D,76,75,12,26,15,2,11,13,-11,15,18,17
132,28/11/09,Man City,Hull,1,1,D,81,73,14,30,16,7,15,12,-14,16,21,23
133,28/11/09,Portsmouth,Man United,1,4,A,75,82,13,12,19,-9,28,13,14,26,7,10
134,28/11/09,West Ham,Burnley,5,3,H,76,72,13,26,23,-4,17,13,-10,16,11,19
135,28/11/09,Wigan,Sunderland,1,0,H,74,75,13,19,31,-17,20,13,2,21,14,14
136,29/11/09,Arsenal,Chelsea,0,3,A,81,83,13,8,15,21,33,12,25,33,25,36
137,29/11/09,Everton,Liverpool,0,2,A,79,82,13,20,23,-6,20,13,9,29,15,17
138,29/11/09,Wolves,Birmingham,0,1,A,72,74,13,14,26,-14,15,13,-3,11,10,12
139,05/12/09,Arsenal,Stoke,2,0,H,81,73,14,15,18,18,20,13,-2,13,25,36
140,05/12/09,Aston Villa,Hull,3,0,H,79,73,15,31,14,8,16,14,-14,17,23,22
141,05/12/09,Blackburn,Liverpool,0,0,D,75,82,14,20,28,-12,23,14,11,31,17,16
142,05/12/09,Man City,Chelsea,2,1,H,81,83,14,8,17,7,36,13,28,36,22,24
143,05/12/09,Portsmouth,Burnley,2,0,H,75,72,14,31,23,-12,17,14,-12,19,7,11
144,05/12/09,West Ham,Man United,0,4,A,76,82,14,13,26,-2,31,14,17,30,14,24
145,05/12/09,Wigan,Birmingham,2,3,A,74,74,14,14,31,-16,18,14,-2,12,17,15
146,05/12/09,Wolves,Bolton,2,1,H,72,75,13,27,27,-15,12,14,-11,16,10,12
147,06/12/09,Everton,Tottenham,2,2,D,79,79,14,19,25,-8,26,14,14,33,15,17
148,06/12/09,Fulham,Sunderland,1,0,H,76,75,14,20,16,2,20,14,1,21,19,18
149,12/12/09,Birmingham,West Ham,1,0,H,74,76,15,30,16,-1,14,15,-6,24,21,15
150,12/12/09,Bolton,Man City,3,3,D,75,81,14,18,29,-12,25,14,8,26,12,17
151,12/12/09,Burnley,Fulham,1,1,D,72,76,15,16,33,-14,22,15,3,19,17,19
152,12/12/09,Chelsea,Everton,3,3,D,83,79,15,27,10,27,16,15,-8,19,36,37
153,12/12/09,Hull,Blackburn,0,0,D,73,75,15,28,34,-17,18,16,-12,16,16,17
154,12/12/09,Man United,Aston Villa,0,1,A,82,79,15,14,13,21,26,15,11,25,34,34
155,12/12/09,Stoke,Wigan,2,2,D,73,74,15,34,17,-4,17,15,-17,17,20,13
156,12/12/09,Sunderland,Portsmouth,1,1,D,75,75,15,23,21,0,10,15,-10,13,20,21
157,12/12/09,Tottenham,Wolves,0,1,A,79,72,15,28,21,14,13,15,-14,14,27,35
158,13/12/09,Liverpool,Arsenal,1,2,A,82,81,14,18,20,11,28,15,20,38,24,31
159,15/12/09,Birmingham,Blackburn,2,1,H,74,75,16,28,16,0,19,16,-12,16,24,16
160,15/12/09,Bolton,West Ham,3,1,H,75,76,16,31,32,-12,14,15,-7,24,13,20
161,15/12/09,Man United,Wolves,3,0,H,82,72,16,28,14,20,16,16,-13,15,34,34
162,15/12/09,Sunderland,Aston Villa,0,2,A,75,79,16,14,22,0,29,16,12,26,21,22
163,16/12/09,Burnley,Arsenal,1,1,D,72,81,15,19,34,-14,31,16,21,40,18,20
164,16/12/09,Chelsea,Portsmouth,2,1,H,83,75,16,24,13,27,11,16,-10,14,37,40
165,16/12/09,Liverpool,Wigan,2,1,H,82,74,16,36,22,10,18,16,-17,19,24,32
166,16/12/09,Tottenham,Man City,3,0,H,79,81,15,21,22,13,26,16,8,29,27,35
167,19/12/09,Arsenal,Hull,3,0,H,81,73,17,34,20,21,17,16,-17,17,32,41
168,19/12/09,Aston Villa,Stoke,1,0,H,79,73,16,19,14,14,21,17,-4,15,32,28
169,19/12/09,Blackburn,Tottenham,0,2,A,75,79,17,22,30,-13,30,17,16,38,19,17
170,19/12/09,Fulham,Man United,3,0,H,76,82,17,14,17,3,37,16,23,37,23,20
171,19/12/09,Man City,Sunderland,4,3,H,81,75,17,24,24,5,21,16,-2,22,26,29
172,19/12/09,Portsmouth,Liverpool,2,0,H,75,82,17,23,26,-11,27,17,11,34,11,15
173,20/12/09,Everton,Birmingham,1,1,D,79,74,17,17,30,-8,27,16,1,18,17,22
174,20/12/09,West Ham,Chelsea,1,1,D,76,83,17,14,34,-9,40,17,28,42,14,25
175,20/12/09,Wolves,Burnley,2,0,H,72,72,17,35,31,-16,19,17,-14,21,16,15
176,26/12/09,Birmingham,Chelsea,0,0,D,74,83,18,15,18,1,41,18,28,43,28,19
177,26/12/09,Burnley,Bolton,1,1,D,72,75,16,33,37,-16,16,18,-10,23,19,21
178,26/12/09,Fulham,Tottenham,0,0,D,76,79,18,22,17,6,33,17,18,40,26,23
179,26/12/09,Liverpool,Wolves,2,0,H,82,72,18,31,25,9,19,18,-14,17,27,34
180,26/12/09,Man City,Stoke,2,0,H,81,73,17,20,27,6,21,17,-5,15,29,33
181,26/12/09,Sunderland,Everton,1,1,D,75,79,17,31,28,-3,18,18,-8,23,21,25
182,26/12/09,West Ham,Portsmouth,2,0,H,76,75,18,26,35,-9,14,18,-9,17,15,26
183,26/12/09,Wigan,Blackburn,1,1,D,74,75,18,32,38,-18,19,17,-15,17,18,20
184,27/12/09,Arsenal,Aston Villa,3,0,H,81,79,18,14,20,24,35,17,15,29,35,44
185,27/12/09,Hull,Man United,1,3,A,73,82,18,17,37,-20,37,18,20,37,17,17
186,28/12/09,Blackburn,Sunderland,2,2,D,75,75,19,29,33,-15,22,19,-3,26,20,18
187,28/12/09,Chelsea,Fulham,2,1,H,83,76,18,17,15,28,27,19,6,23,42,43
188,28/12/09,Everton,Burnley,2,0,H,79,72,19,38,32,-8,20,18,-16,22,19,24
189,28/12/09,Stoke,Birmingham,0,1,A,73,74,19,18,22,-7,29,18,1,19,21,15
190,28/12/09,Tottenham,West Ham,2,0,H,79,76,19,35,22,18,18,19,-7,28,34,40
191,28/12/09,Wolves,Man City,0,3,A,72,81,18,27,33,-16,32,19,8,35,19,17
192,29/12/09,Aston Villa,Liverpool,0,1,A,79,82,19,25,17,12,30,19,11,36,35,29
193,29/12/09,Bolton,Hull,2,2,D,75,73,19,40,34,-10,17,17,-22,18,17,24
194,30/12/09,Man United,Wigan,5,0,H,82,74,18,39,18,22,19,19,-18,21,40,40
195,30/12/09,Portsmouth,Arsenal,1,4,A,75,81,18,20,28,-11,38,19,27,47,14,17
196,05/01/10,Stoke,Fulham,3,2,H,73,76,19,19,23,-8,27,19,5,24,21,15
197,09/01/10,Arsenal,Everton,2,2,D,81,79,19,32,21,30,22,19,-6,26,41,51
198,09/01/10,Birmingham,Man United,1,1,D,74,82,20,18,18,2,43,20,27,45,32,20
199,11/01/10,Man City,Blackburn,4,1,H,81,75,20,35,27,11,21,19,-15,20,35,38
200,16/01/10,Chelsea,Sunderland,7,2,H,83,75,20,31,16,29,23,20,-3,28,45,45
201,16/01/10,Everton,Man City,2,0,H,79,81,20,28,34,-6,38,20,14,42,23,28
202,16/01/10,Man United,Burnley,3,0,H,82,72,20,40,19,27,20,21,-18,22,44,46
203,16/01/10,Stoke,Liverpool,1,1,D,73,82,20,25,25,-7,33,20,12,37,24,18
204,16/01/10,Tottenham,Hull,0,0,D,79,73,20,42,22,20,18,20,-22,20,37,42
205,16/01/10,Wolves,Wigan,0,2,A,72,74,19,44,36,-19,19,20,-23,21,19,17
206,17/01/10,Aston Villa,West Ham,0,0,D,79,76,20,37,18,11,18,20,-9,28,35,29
207,17/01/10,Blackburn,Fulham,2,0,H,75,76,20,22,39,-18,27,21,4,26,21,21
208,17/01/10,Bolton,Arsenal,0,2,A,75,81,20,23,36,-10,42,18,30,53,18,26
209,20/01/10,Arsenal,Bolton,4,2,H,81,75,19,38,23,32,18,21,-12,26,45,55
210,20/01/10,Liverpool,Tottenham,2,0,H,82,79,21,22,26,12,38,21,20,42,34,38
211,23/01/10,Man United,Hull,4,0,H,82,73,21,42,19,30,19,22,-22,20,47,49
212,26/01/10,Bolton,Burnley,1,0,H,75,72,21,43,42,-14,20,20,-21,22,18,28
213,26/01/10,Portsmouth,West Ham,1,1,D,75,76,21,37,32,-14,19,20,-9,28,14,18
214,26/01/10,Tottenham,Fulham,2,0,H,79,76,21,24,24,18,27,22,2,26,38,42
215,26/01/10,Wolves,Liverpool,0,0,D,72,82,22,26,38,-21,37,21,14,40,19,17
216,27/01/10,Aston Villa,Arsenal,0,0,D,79,81,22,25,18,11,48,21,34,59,36,29
217,27/01/10,Blackburn,Wigan,2,1,H,75,74,20,44,39,-16,22,22,-21,23,24,23
218,27/01/10,Chelsea,Birmingham,3,0,H,83,74,21,19,18,34,33,21,2,21,48,52
219,27/01/10,Everton,Sunderland,2,0,H,79,75,21,38,34,-4,23,21,-8,30,26,30
220,30/01/10,Birmingham,Tottenham,1,1,D,74,79,23,24,22,-1,41,22,20,44,33,21
221,30/01/10,Burnley,Chelsea,1,2,A,72,83,22,18,44,-22,51,22,37,55,20,22
222,30/01/10,Fulham,Aston Villa,0,2,A,76,79,22,18,26,0,37,22,11,29,27,26
223,30/01/10,Hull,Wolves,2,2,D,73,72,22,38,46,-26,20,22,-21,17,19,20
224,30/01/10,Liverpool,Bolton,2,0,H,82,75,21,42,26,14,21,23,-13,29,38,40
225,30/01/10,West Ham,Blackburn,0,0,D,76,75,23,40,38,-9,27,22,-15,25,20,29
226,30/01/10,Wigan,Everton,0,1,A,74,79,22,34,46,-22,29,21,-2,32,22,24
227,31/01/10,Arsenal,Man United,1,3,A,81,82,23,19,25,34,50,23,34,53,49,59
228,31/01/10,Man City,Portsmouth,2,0,H,81,75,21,33,30,12,15,21,-14,19,38,42
229,01/02/10,Sunderland,Stoke,0,0,D,75,73,21,26,40,-10,25,22,-7,19,23,30
230,02/02/10,Hull,Chelsea,1,1,D,73,83,23,19,48,-26,54,23,38,57,20,22
231,03/02/10,Fulham,Portsmouth,1,0,H,76,75,22,35,28,-2,15,23,-16,19,27,26
232,06/02/10,Bolton,Fulham,0,0,D,75,76,24,28,44,-15,30,22,-1,27,21,29
233,06/02/10,Burnley,West Ham,2,1,H,72,76,23,38,46,-23,21,23,-9,29,20,23
234,06/02/10,Hull,Man City,2,1,H,73,81,22,30,49,-26,41,24,14,44,21,23
235,06/02/10,Liverpool,Everton,1,0,H,82,79,23,34,26,16,32,24,-1,33,41,42
236,06/02/10,Man United,Portsmouth,5,0,H,82,75,23,36,20,36,15,24,-17,19,53,56
237,06/02/10,Stoke,Blackburn,3,0,H,73,75,24,40,26,-7,28,22,-15,25,26,19
238,06/02/10,Sunderland,Wigan,1,1,D,75,74,22,47,40,-10,22,23,-23,24,24,30
239,06/02/10,Tottenham,Aston Villa,0,0,D,79,79,23,18,25,20,40,24,13,31,42,45
240,07/02/10,Birmingham,Wolves,2,1,H,74,72,23,40,23,-1,21,23,-21,19,34,22
241,07/02/10,Chelsea,Arsenal,2,0,H,83,81,24,28,20,38,49,24,32,60,55,58
242,09/02/10,Fulham,Burnley,3,0,H,76,72,24,47,28,-1,23,25,-22,25,31,27
243,09/02/10,Man City,Bolton,2,0,H,81,75,23,44,32,13,22,23,-15,29,41,45
244,09/02/10,Portsmouth,Sunderland,1,1,D,75,75,24,41,41,-22,25,24,-10,31,15,19
245,09/02/10,Wigan,Stoke,1,1,D,74,73,23,26,48,-23,29,23,-4,22,23,25
246,10/02/10,Arsenal,Liverpool,1,0,H,81,82,25,26,30,30,44,25,17,43,49,60
247,10/02/10,Aston Villa,Man United,1,1,D,79,82,25,20,18,13,56,24,41,61,41,31
248,10/02/10,Blackburn,Hull,1,0,H,75,73,25,50,43,-18,24,25,-25,25,28,25
249,10/02/10,Everton,Chelsea,2,1,H,79,83,25,20,35,-2,58,24,40,60,32,33
250,10/02/10,West Ham,Birmingham,2,0,H,76,74,24,24,40,-10,37,24,0,24,21,30
251,10/02/10,Wolves,Tottenham,1,0,H,72,79,25,25,42,-22,43,24,20,45,21,20
252,16/02/10,Stoke,Man City,1,1,D,73,81,24,32,27,-4,44,24,15,47,30,23
253,17/02/10,Wigan,Bolton,0,0,D,74,75,24,46,49,-23,22,24,-17,29,24,26
254,20/02/10,Arsenal,Sunderland,2,0,H,81,75,25,42,30,31,26,26,-10,32,52,61
255,20/02/10,Everton,Man United,3,1,H,79,82,26,21,36,-1,57,25,41,62,35,35
256,20/02/10,Portsmouth,Stoke,1,2,A,75,73,25,28,42,-22,31,25,-4,24,16,20
257,20/02/10,West Ham,Hull,3,0,H,76,73,26,51,40,-8,24,25,-26,25,24,32
258,20/02/10,Wolves,Chelsea,0,2,A,72,83,26,22,42,-21,58,25,39,61,24,21
259,21/02/10,Aston Villa,Burnley,5,2,H,79,72,25,50,19,13,23,25,-25,25,42,32
260,21/02/10,Blackburn,Bolton,3,0,H,75,75,25,46,43,-17,23,26,-17,29,31,26
261,21/02/10,Fulham,Birmingham,2,1,H,76,74,25,26,28,2,37,26,-2,24,34,30
262,21/02/10,Man City,Liverpool,0,0,D,81,82,26,27,33,15,44,25,16,43,45,48
263,21/02/10,Wigan,Tottenham,0,3,A,74,79,26,26,49,-23,43,25,19,45,25,26
264,23/02/10,Man United,West Ham,3,0,H,82,76,26,40,24,39,27,27,-5,35,57,63
265,27/02/10,Birmingham,Wigan,1,0,H,74,74,26,52,28,-3,25,26,-26,26,37,25
266,27/02/10,Bolton,Wolves,1,0,H,75,72,26,44,49,-20,24,26,-23,21,23,29
267,27/02/10,Burnley,Portsmouth,1,2,A,72,75,26,44,55,-28,16,26,-23,21,23,27
268,27/02/10,Chelsea,Man City,2,4,A,83,81,26,33,22,41,46,27,15,48,61,63
269,27/02/10,Stoke,Arsenal,1,3,A,73,81,27,30,29,-3,55,26,33,63,34,26
270,28/02/10,Liverpool,Blackburn,2,1,H,82,75,27,43,27,16,34,27,-14,29,45,43
271,28/02/10,Sunderland,Fulham,0,0,D,75,76,27,29,44,-12,37,26,3,32,26,32
272,28/02/10,Tottenham,Everton,2,1,H,79,79,26,37,26,22,38,27,1,38,46,48
273,06/03/10,Arsenal,Burnley,3,1,H,81,72,27,57,31,35,23,28,-29,28,58,66
274,06/03/10,West Ham,Bolton,1,2,A,76,75,27,49,43,-8,26,27,-19,30,27,35
275,06/03/10,Wolves,Man United,0,1,A,72,82,28,24,45,-24,60,27,42,66,24,21
276,07/03/10,Everton,Hull,5,1,H,79,73,27,54,39,0,24,27,-29,25,38,39
277,08/03/10,Wigan,Liverpool,1,0,H,74,82,28,28,53,-27,48,27,17,45,25,26
278,09/03/10,Portsmouth,Birmingham,1,2,A,75,74,27,28,45,-22,40,27,-2,26,19,23
279,09/03/10,Sunderland,Bolton,4,0,H,75,75,28,50,44,-12,29,27,-18,32,27,32
280,10/03/10,Burnley,Stoke,1,1,D,72,73,27,32,60,-31,34,28,-5,27,23,29
281,13/03/10,Birmingham,Everton,2,2,D,74,79,28,40,29,-1,41,28,4,44,43,28
282,13/03/10,Bolton,Wigan,4,0,H,75,74,28,53,54,-22,28,29,-26,27,29,32
283,13/03/10,Burnley,Wolves,1,2,A,72,72,28,46,61,-31,24,29,-25,21,24,30
284,13/03/10,Chelsea,West Ham,4,1,H,83,76,28,45,26,39,27,28,-9,36,61,65
285,13/03/10,Hull,Arsenal,1,2,A,73,81,29,32,59,-33,61,28,37,69,24,26
286,13/03/10,Stoke,Aston Villa,0,0,D,73,79,26,21,33,-5,45,28,16,37,35,28
287,13/03/10,Tottenham,Blackburn,3,1,H,79,75,28,45,27,23,34,28,-15,30,49,50
288,14/03/10,Man United,Fulham,3,0,H,82,76,28,29,24,43,38,29,3,32,63,67
289,14/03/10,Sunderland,Man City,1,1,D,75,81,27,35,44,-8,49,28,17,52,30,36
290,15/03/10,Liverpool,Portsmouth,4,1,H,82,75,28,47,29,16,19,29,-23,24,48,45
291,16/03/10,Wigan,Aston Villa,1,2,A,74,79,27,21,57,-30,46,29,16,37,28,27
292,20/03/10,Arsenal,West Ham,2,0,H,81,76,29,49,33,38,27,30,-12,37,64,71
293,20/03/10,Aston Villa,Wolves,2,2,D,79,72,29,47,22,17,27,28,-24,23,49,39
294,20/03/10,Everton,Bolton,2,0,H,79,75,30,54,42,4,32,29,-18,36,42,46
295,20/03/10,Portsmouth,Hull,3,2,H,75,73,29,61,51,-26,24,29,-34,27,19,25
296,20/03/10,Stoke,Tottenham,1,2,A,73,79,29,28,33,-5,52,29,25,53,36,28
297,20/03/10,Sunderland,Birmingham,3,1,H,75,74,29,31,45,-8,44,29,-1,30,31,37
298,20/03/10,Wigan,Burnley,1,0,H,74,72,30,63,59,-31,24,30,-32,31,28,28
299,21/03/10,Blackburn,Chelsea,1,1,D,75,83,29,27,48,-17,64,29,42,69,34,31
300,21/03/10,Fulham,Man City,1,2,A,76,81,28,36,32,0,50,29,17,53,38,32
301,21/03/10,Man United,Liverpool,2,1,H,82,82,30,30,24,46,51,30,19,49,66,70
302,23/03/10,West Ham,Wolves,1,3,A,76,72,30,49,51,-14,28,30,-24,25,27,37
303,24/03/10,Aston Villa,Sunderland,1,1,D,79,75,30,46,24,17,34,29,-6,40,50,41
304,24/03/10,Blackburn,Birmingham,2,1,H,75,74,30,34,49,-17,44,30,-3,31,35,32
305,24/03/10,Man City,Everton,0,2,A,81,79,30,42,37,18,45,29,6,48,53,55
306,24/03/10,Portsmouth,Chelsea,0,5,A,75,83,30,28,53,-25,65,30,42,70,22,28
307,27/03/10,Birmingham,Arsenal,1,1,D,74,81,31,33,36,-4,67,31,40,73,44,32
308,27/03/10,Bolton,Man United,0,4,A,75,82,31,25,56,-20,69,31,47,72,32,36
309,27/03/10,Chelsea,Aston Villa,7,1,H,83,79,30,25,28,47,51,31,17,42,68,75
310,27/03/10,Hull,Fulham,2,0,H,73,76,30,34,64,-35,38,30,-1,33,24,29
311,27/03/10,Tottenham,Portsmouth,2,0,H,79,75,31,58,29,26,22,30,-30,28,55,55
312,27/03/10,West Ham,Stoke,0,1,A,76,73,30,35,54,-16,36,31,-6,29,27,38
313,27/03/10,Wolves,Everton,0,0,D,72,79,31,42,50,-22,48,31,8,50,31,28
314,28/03/10,Burnley,Blackburn,0,1,A,72,75,31,50,64,-33,38,31,-16,34,24,31
315,28/03/10,Liverpool,Sunderland,3,0,H,82,75,31,47,32,18,35,31,-6,41,51,50
316,29/03/10,Man City,Wigan,3,0,H,81,74,31,59,39,16,31,30,-30,29,53,55
317,03/04/10,Arsenal,Wolves,1,0,H,81,72,32,50,34,40,32,32,-22,28,68,74
318,03/04/10,Bolton,Aston Villa,0,1,A,75,79,31,32,60,-24,51,32,11,43,32,36
319,03/04/10,Burnley,Man City,1,6,A,72,81,31,39,65,-34,56,32,19,58,24,31
320,03/04/10,Man United,Chelsea,1,2,A,82,83,32,29,25,51,71,32,53,82,72,76
321,03/04/10,Portsmouth,Blackburn,0,0,D,75,75,32,50,60,-32,41,32,-15,35,22,28
322,03/04/10,Stoke,Hull,2,0,H,73,73,31,64,35,-5,27,31,-33,31,39,30
323,03/04/10,Sunderland,Tottenham,3,1,H,75,79,31,29,50,-9,58,32,28,57,35,41
324,04/04/10,Birmingham,Liverpool,1,1,D,74,82,32,32,37,-4,54,32,21,53,45,33
325,04/04/10,Everton,West Ham,2,2,D,79,76,32,55,42,8,27,32,-17,38,49,50
326,04/04/10,Fulham,Wigan,2,1,H,76,74,32,62,36,-3,31,31,-33,29,38,33
327,10/04/10,Hull,Burnley,1,4,A,73,72,33,71,66,-35,24,32,-39,32,27,31
328,10/04/10,West Ham,Sunderland,1,0,H,76,75,33,51,57,-17,38,33,-7,44,28,40
329,11/04/10,Blackburn,Man United,0,0,D,75,82,33,27,50,-15,72,33,50,77,42,35
330,11/04/10,Liverpool,Fulham,0,0,D,82,76,32,37,33,21,41,33,-2,35,55,54
331,11/04/10,Man City,Birmingham,5,1,H,81,74,33,38,40,24,46,32,-4,34,59,64
332,11/04/10,Wolves,Stoke,0,0,D,72,73,32,35,51,-23,42,33,-3,32,32,28
333,13/04/10,Chelsea,Bolton,1,0,H,83,75,33,61,30,54,32,33,-25,36,74,84
334,14/04/10,Aston Villa,Everton,2,2,D,79,79,33,44,32,12,50,32,8,52,54,44
335,14/04/10,Tottenham,Arsenal,2,1,H,79,81,33,34,32,26,71,32,41,75,58,58
336,14/04/10,Wigan,Portsmouth,0,0,D,74,75,33,60,64,-34,23,33,-32,28,31,30
337,17/04/10,Birmingham,Hull,0,0,D,74,73,33,70,43,-8,27,34,-38,32,46,35
338,17/04/10,Blackburn,Everton,2,3,A,75,79,34,46,50,-15,51,34,8,54,43,35
339,17/04/10,Fulham,Wolves,0,0,D,76,72,34,51,37,-2,33,33,-23,28,42,35
340,17/04/10,Man City,Man United,0,1,A,81,82,34,27,41,28,73,33,50,77,62,69
341,17/04/10,Stoke,Bolton,1,2,A,73,75,34,62,35,-3,32,33,-26,36,43,32
342,17/04/10,Sunderland,Burnley,2,1,H,75,72,34,72,52,-8,27,34,-36,36,38,44
343,17/04/10,Tottenham,Chelsea,2,1,H,79,83,34,30,33,27,77,33,55,85,61,60
344,18/04/10,Portsmouth,Aston Villa,1,2,A,75,79,33,34,60,-32,55,34,12,46,24,28
345,18/04/10,Wigan,Arsenal,3,2,H,74,81,34,36,64,-34,71,34,40,76,32,30
346,19/04/10,Liverpool,West Ham,3,0,H,82,76,34,57,33,21,31,34,-16,41,56,54
347,21/04/10,Hull,Aston Villa,0,2,A,73,79,34,35,70,-38,58,34,13,48,28,32
348,24/04/10,Arsenal,Man City,0,0,D,81,81,34,42,39,39,62,35,27,69,71,78
349,24/04/10,Bolton,Portsmouth,2,2,D,75,75,35,62,63,-25,24,35,-33,29,35,38
350,24/04/10,Hull,Sunderland,0,1,A,73,75,35,53,72,-40,41,35,-7,46,28,32
351,24/04/10,Man United,Tottenham,3,1,H,82,79,34,34,27,51,64,35,28,62,76,78
352,24/04/10,West Ham,Wigan,3,2,H,76,74,35,66,60,-19,35,35,-33,33,31,41
353,24/04/10,Wolves,Blackburn,1,1,D,72,75,35,53,51,-23,43,35,-16,37,34,28
354,25/04/10,Aston Villa,Birmingham,1,0,H,79,74,35,43,35,15,47,35,-8,35,61,50
355,25/04/10,Burnley,Liverpool,0,4,A,72,82,35,33,74,-37,59,35,24,57,27,37
356,25/04/10,Chelsea,Stoke,7,0,H,83,73,34,37,32,54,43,35,-4,33,77,86
357,25/04/10,Everton,Fulham,2,1,H,79,76,34,37,48,9,43,35,-2,35,54,57
358,01/05/10,Birmingham,Burnley,2,1,H,74,72,36,78,44,-9,27,36,-41,37,47,35
359,01/05/10,Man City,Aston Villa,3,1,H,81,79,36,35,42,27,64,35,16,51,63,69
360,01/05/10,Portsmouth,Wolves,3,1,H,75,72,36,52,64,-33,35,36,-23,29,25,31
361,01/05/10,Stoke,Everton,0,0,D,73,79,36,49,44,-11,57,35,10,59,43,33
362,01/05/10,Tottenham,Bolton,1,0,H,79,75,36,65,37,26,36,35,-25,40,64,63
363,02/05/10,Fulham,West Ham,3,2,H,76,76,36,62,39,-3,34,35,-18,44,43,36
364,02/05/10,Liverpool,Chelsea,0,2,A,82,83,36,32,33,28,80,36,61,93,62,61
365,02/05/10,Sunderland,Man United,0,1,A,75,82,36,28,53,-6,79,36,53,81,44,47
366,03/05/10,Blackburn,Arsenal,2,1,H,75,81,36,39,54,-16,72,36,39,78,44,38
367,03/05/10,Wigan,Hull,2,2,D,74,73,36,73,69,-34,28,36,-41,32,35,35
368,05/05/10,Fulham,Stoke,0,1,A,76,73,36,44,41,-2,44,36,-11,33,46,39
369,05/05/10,Man City,Tottenham,0,1,A,81,79,36,37,43,29,67,36,27,64,66,72
370,09/05/10,Arsenal,Fulham,4,0,H,81,76,37,42,41,38,46,37,-3,39,72,79
371,09/05/10,Aston Villa,Blackburn,0,1,A,79,75,37,55,38,14,47,37,-15,40,64,52
372,09/05/10,Bolton,Birmingham,2,1,H,75,74,37,45,66,-26,50,37,-8,37,36,40
373,09/05/10,Burnley,Tottenham,4,2,H,72,79,37,37,80,-42,70,37,28,65,27,38
374,09/05/10,Chelsea,Wigan,8,0,H,83,74,37,71,32,63,36,37,-34,37,83,95
375,09/05/10,Everton,Portsmouth,1,0,H,79,75,37,65,49,10,28,37,-31,34,58,59
376,09/05/10,Hull,Liverpool,0,0,D,73,82,37,35,75,-41,62,37,26,61,29,34
377,09/05/10,Man United,Stoke,4,0,H,82,73,37,44,28,54,47,37,-10,34,82,82
378,09/05/10,West Ham,Man City,1,1,D,76,81,37,44,65,-19,66,37,28,72,34,46
379,09/05/10,Wolves,Sunderland,2,1,H,72,75,37,54,55,-25,44,37,-7,47,35,30
